Résultats pour la méthode 1:

Individu : [0 0 1 0 0 0 0 0 0 0 0 0 0 0 0 0 0 0 0 0 0 0 0 0 0 0 0 0 0 0]
Objectifs : [14.817346396293765, 1]
Rang : 1

Individu : [0 0 1 0 0 0 0 0 0 0 0 0 0 0 0 0 0 0 0 0 0 0 0 0 0 0 0 0 0 0]
Objectifs : [14.817346396293765, 1]
Rang : 1

Individu : [0 0 1 0 0 0 0 0 0 0 0 0 0 0 0 0 0 0 0 0 0 0 0 0 0 0 0 0 0 0]
Objectifs : [14.817346396293765, 1]
Rang : 1

Individu : [0 0 1 0 0 0 0 0 0 0 0 0 0 0 0 0 0 0 0 0 0 0 0 0 0 0 0 0 0 0]
Objectifs : [14.817346396293765, 1]
Rang : 1

Individu : [0 1 1 0 0 1 0 0 1 0 0 0 0 0 0 0 0 0 0 0 0 0 1 0 0 0 0 0 0 0]
Objectifs : [7.28146122882965, 5]
Rang : 1

Individu : [0 0 1 0 0 0 0 0 0 0 0 0 0 0 0 0 0 0 0 0 0 0 0 0 0 0 0 0 0 0]
Objectifs : [14.817346396293765, 1]
Rang : 1

Individu : [0 1 1 0 0 1 0 0 1 0 0 0 0 0 0 0 0 0 0 0 0 0 1 0 0 0 0 0 0 0]
Objectifs : [7.28146122882965, 5]
Rang : 1

Individu : [0 0 1 0 0 0 0 0 0 0 0 0 0 0 0 0 0 0 0 0 0 0 0 0 0 0 0 0 0 0]
Objectifs : [14.817346396293765, 1]
Rang : 1

Individu : [0 1 1 0 0 1 0 0 1 0 0 0 0 0 0 0 0 0 0 0 0 0 1 0 0 0 0 0 0 0]
Objectifs : [7.28146122882965, 5]
Rang : 1

Individu : [0 0 1 0 0 0 0 0 0 0 0 0 0 0 0 0 0 0 0 0 0 0 0 0 0 0 0 0 0 0]
Objectifs : [14.817346396293765, 1]
Rang : 1

Individu : [0 1 1 0 0 1 0 0 1 0 0 0 0 0 0 0 0 0 0 0 0 0 1 0 0 0 0 0 0 0]
Objectifs : [7.28146122882965, 5]
Rang : 1

Individu : [0 0 1 0 0 0 0 0 0 0 0 0 0 0 0 0 0 0 0 0 0 0 0 0 0 0 0 0 0 0]
Objectifs : [14.817346396293765, 1]
Rang : 1

Individu : [0 1 1 0 0 1 0 0 1 0 0 0 0 0 0 0 0 0 0 0 0 0 1 0 0 0 0 0 0 0]
Objectifs : [7.28146122882965, 5]
Rang : 1

Individu : [0 1 1 0 0 1 0 0 1 1 1 1 0 1 1 0 0 0 1 1 1 1 1 0 1 1 1 1 1 1]
Objectifs : [6.525784157363105, 20]
Rang : 1

Individu : [0 0 1 0 0 0 0 0 0 0 0 0 0 0 0 0 0 0 0 0 0 0 0 0 0 0 0 0 0 0]
Objectifs : [14.817346396293765, 1]
Rang : 1

Individu : [0 1 1 0 0 1 0 0 1 0 0 0 0 0 0 0 0 0 0 0 0 0 1 0 0 0 0 0 0 0]
Objectifs : [7.28146122882965, 5]
Rang : 1

Individu : [0 1 1 0 0 1 0 0 1 1 1 1 0 1 1 0 0 0 1 1 1 1 1 0 1 1 1 1 1 1]
Objectifs : [6.525784157363105, 20]
Rang : 1

Individu : [0 0 1 0 0 0 0 0 0 0 0 0 0 0 0 0 0 0 0 0 0 0 0 0 0 0 0 0 0 0]
Objectifs : [14.817346396293765, 1]
Rang : 1

Individu : [0 1 1 0 0 1 0 0 1 0 0 0 0 0 0 0 0 0 0 0 0 0 1 0 0 0 0 0 0 0]
Objectifs : [7.28146122882965, 5]
Rang : 1

Individu : [0 1 1 0 0 1 0 0 1 1 1 1 0 1 1 0 0 0 1 1 1 1 1 0 1 1 1 1 1 1]
Objectifs : [6.525784157363105, 20]
Rang : 1

Individu : [0 0 1 0 0 0 0 0 0 0 0 0 0 0 0 0 0 0 0 0 0 0 0 0 0 0 0 0 0 0]
Objectifs : [14.817346396293765, 1]
Rang : 1

Individu : [0 1 1 0 0 1 0 0 1 0 0 0 0 0 0 0 0 0 0 0 0 0 1 0 0 0 0 0 0 0]
Objectifs : [7.28146122882965, 5]
Rang : 1

Individu : [0 1 1 0 0 1 0 0 1 1 1 1 0 1 1 0 0 0 1 1 1 1 1 0 1 1 1 1 1 1]
Objectifs : [6.525784157363105, 20]
Rang : 1

Individu : [0 1 1 0 0 1 0 1 1 1 0 1 1 1 1 0 1 1 0 0 1 1 1 0 1 1 1 1 1 0]
Objectifs : [6.525784157363105, 20]
Rang : 1

Individu : [0 0 1 0 0 0 0 0 0 0 0 0 0 0 0 0 0 0 0 0 0 0 0 0 0 0 0 0 0 0]
Objectifs : [14.817346396293765, 1]
Rang : 1

Individu : [0 1 1 0 0 1 0 0 1 0 0 0 0 0 0 0 0 0 0 0 0 0 1 0 0 0 0 0 0 0]
Objectifs : [7.28146122882965, 5]
Rang : 1

Individu : [0 1 1 0 0 1 0 0 1 1 1 1 0 1 1 0 0 0 1 1 1 1 1 0 1 1 1 1 1 1]
Objectifs : [6.525784157363105, 20]
Rang : 1

Individu : [0 1 1 0 0 1 0 1 1 1 0 1 1 1 1 0 1 1 0 0 1 1 1 0 1 1 1 1 1 0]
Objectifs : [6.525784157363105, 20]
Rang : 1

Individu : [1 0 1 0 0 1 0 0 0 0 1 0 0 0 0 0 1 0 0 0 0 1 1 0 1 0 0 0 0 0]
Objectifs : [6.778309409888357, 8]
Rang : 1

Individu : [0 0 1 0 0 0 0 0 0 0 0 0 0 0 0 0 0 0 0 0 0 0 0 0 0 0 0 0 0 0]
Objectifs : [14.817346396293765, 1]
Rang : 1

Individu : [0 1 1 0 0 1 0 0 1 0 0 0 0 0 0 0 0 0 0 0 0 0 1 0 0 0 0 0 0 0]
Objectifs : [7.28146122882965, 5]
Rang : 1

Individu : [0 1 1 0 0 1 0 0 1 1 1 1 0 1 1 0 0 0 1 1 1 1 1 0 1 1 1 1 1 1]
Objectifs : [6.525784157363105, 20]
Rang : 1

Individu : [0 1 1 0 0 1 0 1 1 1 0 1 1 1 1 0 1 1 0 0 1 1 1 0 1 1 1 1 1 0]
Objectifs : [6.525784157363105, 20]
Rang : 1

Individu : [1 0 1 0 0 1 0 0 0 0 1 0 0 0 0 0 1 0 0 0 0 1 1 0 1 0 0 0 0 0]
Objectifs : [6.778309409888357, 8]
Rang : 1

Individu : [1 0 1 0 0 0 0 1 0 0 0 0 0 0 0 0 0 0 0 0 0 0 1 0 0 0 0 0 0 0]
Objectifs : [7.784613047770943, 4]
Rang : 1

Individu : [0 0 1 0 0 0 0 0 0 0 0 0 0 0 0 0 0 0 0 0 0 0 0 0 0 0 0 0 0 0]
Objectifs : [14.817346396293765, 1]
Rang : 1

Individu : [0 1 1 0 0 1 0 0 1 0 0 0 0 0 0 0 0 0 0 0 0 0 1 0 0 0 0 0 0 0]
Objectifs : [7.28146122882965, 5]
Rang : 1

Individu : [0 1 1 0 0 1 0 0 1 1 1 1 0 1 1 0 0 0 1 1 1 1 1 0 1 1 1 1 1 1]
Objectifs : [6.525784157363105, 20]
Rang : 1

Individu : [0 1 1 0 0 1 0 1 1 1 0 1 1 1 1 0 1 1 0 0 1 1 1 0 1 1 1 1 1 0]
Objectifs : [6.525784157363105, 20]
Rang : 1

Individu : [1 0 1 0 0 1 0 0 0 0 1 0 0 0 0 0 1 0 0 0 0 1 1 0 1 0 0 0 0 0]
Objectifs : [6.778309409888357, 8]
Rang : 1

Individu : [1 0 1 0 0 0 0 1 0 0 0 0 0 0 0 0 0 0 0 0 0 0 1 0 0 0 0 0 0 0]
Objectifs : [7.784613047770943, 4]
Rang : 1

Individu : [1 0 0 0 0 0 0 0 0 0 0 0 0 0 0 0 0 0 0 0 0 0 1 0 0 0 0 0 0 0]
Objectifs : [7.788410419989367, 2]
Rang : 1

Individu : [0 0 1 0 0 0 0 0 0 0 0 0 0 0 0 0 0 0 0 0 0 0 0 0 0 0 0 0 0 0]
Objectifs : [14.817346396293765, 1]
Rang : 1

Individu : [0 1 1 0 0 1 0 0 1 0 0 0 0 0 0 0 0 0 0 0 0 0 1 0 0 0 0 0 0 0]
Objectifs : [7.28146122882965, 5]
Rang : 1

Individu : [0 1 1 0 0 1 0 0 1 1 1 1 0 1 1 0 0 0 1 1 1 1 1 0 1 1 1 1 1 1]
Objectifs : [6.525784157363105, 20]
Rang : 1

Individu : [0 1 1 0 0 1 0 1 1 1 0 1 1 1 1 0 1 1 0 0 1 1 1 0 1 1 1 1 1 0]
Objectifs : [6.525784157363105, 20]
Rang : 1

Individu : [1 0 1 0 0 1 0 0 0 0 1 0 0 0 0 0 1 0 0 0 0 1 1 0 1 0 0 0 0 0]
Objectifs : [6.778309409888357, 8]
Rang : 1

Individu : [1 0 1 0 0 0 0 1 0 0 0 0 0 0 0 0 0 0 0 0 0 0 1 0 0 0 0 0 0 0]
Objectifs : [7.784613047770943, 4]
Rang : 1

Individu : [1 0 0 0 0 0 0 0 0 0 0 0 0 0 0 0 0 0 0 0 0 0 1 0 0 0 0 0 0 0]
Objectifs : [7.788410419989367, 2]
Rang : 1

Individu : [0 0 1 0 0 0 0 0 0 0 0 0 0 0 0 0 0 0 0 0 0 0 0 0 0 0 0 0 0 0]
Objectifs : [14.817346396293765, 1]
Rang : 1

Individu : [0 1 1 0 0 1 0 0 1 0 0 0 0 0 0 0 0 0 0 0 0 0 1 0 0 0 0 0 0 0]
Objectifs : [7.28146122882965, 5]
Rang : 1

Individu : [0 1 1 0 0 1 0 0 1 1 1 1 0 1 1 0 0 0 1 1 1 1 1 0 1 1 1 1 1 1]
Objectifs : [6.525784157363105, 20]
Rang : 1

Individu : [0 1 1 0 0 1 0 1 1 1 0 1 1 1 1 0 1 1 0 0 1 1 1 0 1 1 1 1 1 0]
Objectifs : [6.525784157363105, 20]
Rang : 1

Individu : [1 0 1 0 0 1 0 0 0 0 1 0 0 0 0 0 1 0 0 0 0 1 1 0 1 0 0 0 0 0]
Objectifs : [6.778309409888357, 8]
Rang : 1

Individu : [1 0 1 0 0 0 0 1 0 0 0 0 0 0 0 0 0 0 0 0 0 0 1 0 0 0 0 0 0 0]
Objectifs : [7.784613047770943, 4]
Rang : 1

Individu : [1 0 0 0 0 0 0 0 0 0 0 0 0 0 0 0 0 0 0 0 0 0 1 0 0 0 0 0 0 0]
Objectifs : [7.788410419989367, 2]
Rang : 1

Individu : [0 0 1 0 0 0 0 0 0 0 0 0 0 0 0 0 0 0 0 0 0 0 0 0 0 0 0 0 0 0]
Objectifs : [14.817346396293765, 1]
Rang : 1

Individu : [0 1 1 0 0 1 0 0 1 0 0 0 0 0 0 0 0 0 0 0 0 0 1 0 0 0 0 0 0 0]
Objectifs : [7.28146122882965, 5]
Rang : 1

Individu : [0 1 1 0 0 1 0 0 1 1 1 1 0 1 1 0 0 0 1 1 1 1 1 0 1 1 1 1 1 1]
Objectifs : [6.525784157363105, 20]
Rang : 1

Individu : [0 1 1 0 0 1 0 1 1 1 0 1 1 1 1 0 1 1 0 0 1 1 1 0 1 1 1 1 1 0]
Objectifs : [6.525784157363105, 20]
Rang : 1

Individu : [1 0 1 0 0 1 0 0 0 0 1 0 0 0 0 0 1 0 0 0 0 1 1 0 1 0 0 0 0 0]
Objectifs : [6.778309409888357, 8]
Rang : 1

Individu : [1 0 1 0 0 0 0 1 0 0 0 0 0 0 0 0 0 0 0 0 0 0 1 0 0 0 0 0 0 0]
Objectifs : [7.784613047770943, 4]
Rang : 1

Individu : [1 0 0 0 0 0 0 0 0 0 0 0 0 0 0 0 0 0 0 0 0 0 1 0 0 0 0 0 0 0]
Objectifs : [7.788410419989367, 2]
Rang : 1

Individu : [1 0 1 0 0 0 0 0 0 0 0 0 0 0 1 0 1 1 0 1 0 1 1 0 0 0 1 0 0 0]
Objectifs : [6.778309409888357, 9]
Rang : 1

Individu : [1 1 1 0 1 0 1 1 1 0 0 1 0 1 1 1 1 0 0 1 1 1 1 0 1 1 1 1 1 1]
Objectifs : [6.525784157363105, 22]
Rang : 1

Individu : [1 1 1 0 0 1 1 1 0 1 0 1 1 1 1 1 1 1 0 1 1 1 1 0 0 1 0 1 1 1]
Objectifs : [6.525784157363105, 22]
Rang : 1

Individu : [0 1 1 0 1 1 1 0 1 0 1 1 1 1 1 1 1 1 0 1 0 1 1 0 1 1 1 0 0 1]
Objectifs : [6.275157590947064, 21]
Rang : 1

Individu : [0 0 1 0 0 0 0 0 0 0 0 0 0 0 0 0 0 0 0 0 0 0 0 0 0 0 0 0 0 0]
Objectifs : [14.817346396293765, 1]
Rang : 1

Individu : [0 1 1 0 0 1 0 0 1 0 0 0 0 0 0 0 0 0 0 0 0 0 1 0 0 0 0 0 0 0]
Objectifs : [7.28146122882965, 5]
Rang : 1

Individu : [0 1 1 0 0 1 0 0 1 1 1 1 0 1 1 0 0 0 1 1 1 1 1 0 1 1 1 1 1 1]
Objectifs : [6.525784157363105, 20]
Rang : 1

Individu : [0 1 1 0 0 1 0 1 1 1 0 1 1 1 1 0 1 1 0 0 1 1 1 0 1 1 1 1 1 0]
Objectifs : [6.525784157363105, 20]
Rang : 1

Individu : [1 0 1 0 0 1 0 0 0 0 1 0 0 0 0 0 1 0 0 0 0 1 1 0 1 0 0 0 0 0]
Objectifs : [6.778309409888357, 8]
Rang : 1

Individu : [1 0 1 0 0 0 0 1 0 0 0 0 0 0 0 0 0 0 0 0 0 0 1 0 0 0 0 0 0 0]
Objectifs : [7.784613047770943, 4]
Rang : 1

Individu : [1 0 0 0 0 0 0 0 0 0 0 0 0 0 0 0 0 0 0 0 0 0 1 0 0 0 0 0 0 0]
Objectifs : [7.788410419989367, 2]
Rang : 1

Individu : [0 0 0 0 1 0 1 1 0 0 0 0 0 0 0 0 0 0 0 0 0 0 0 0 0 0 0 0 0 0]
Objectifs : [8.538391433128274, 3]
Rang : 1

Individu : [1 0 0 0 0 0 0 0 0 0 0 0 0 0 0 0 0 0 0 0 0 0 0 1 0 0 0 0 0 0]
Objectifs : [10.292777398040554, 2]
Rang : 1

Individu : [0 1 0 0 0 0 0 0 0 0 0 1 0 0 0 0 0 1 1 1 1 0 0 0 0 0 0 1 0 0]
Objectifs : [8.03334092807777, 7]
Rang : 1

Individu : [1 0 1 0 1 1 0 0 1 1 0 0 0 0 1 0 0 0 0 0 0 0 1 0 0 0 1 0 0 0]
Objectifs : [7.784613047770943, 9]
Rang : 1

Individu : [0 1 1 0 1 1 1 0 1 0 1 1 1 1 1 1 1 1 0 1 0 1 1 0 1 1 1 0 0 1]
Objectifs : [6.275157590947064, 21]
Rang : 1

Individu : [1 0 0 0 0 0 0 1 0 0 1 0 1 1 0 0 1 0 1 1 0 1 1 0 1 1 0 1 1 1]
Objectifs : [6.776410723779144, 15]
Rang : 1

Individu : [0 0 1 0 0 0 0 0 0 0 0 0 0 0 0 0 0 0 0 0 0 0 0 0 0 0 0 0 0 0]
Objectifs : [14.817346396293765, 1]
Rang : 1

Individu : [0 1 1 0 0 1 0 0 1 0 0 0 0 0 0 0 0 0 0 0 0 0 1 0 0 0 0 0 0 0]
Objectifs : [7.28146122882965, 5]
Rang : 1

Individu : [0 1 1 0 0 1 0 0 1 1 1 1 0 1 1 0 0 0 1 1 1 1 1 0 1 1 1 1 1 1]
Objectifs : [6.525784157363105, 20]
Rang : 1

Individu : [0 1 1 0 0 1 0 1 1 1 0 1 1 1 1 0 1 1 0 0 1 1 1 0 1 1 1 1 1 0]
Objectifs : [6.525784157363105, 20]
Rang : 1

Individu : [1 0 1 0 0 1 0 0 0 0 1 0 0 0 0 0 1 0 0 0 0 1 1 0 1 0 0 0 0 0]
Objectifs : [6.778309409888357, 8]
Rang : 1

Individu : [1 0 1 0 0 0 0 1 0 0 0 0 0 0 0 0 0 0 0 0 0 0 1 0 0 0 0 0 0 0]
Objectifs : [7.784613047770943, 4]
Rang : 1

Individu : [1 0 0 0 0 0 0 0 0 0 0 0 0 0 0 0 0 0 0 0 0 0 1 0 0 0 0 0 0 0]
Objectifs : [7.788410419989367, 2]
Rang : 1

Individu : [0 1 1 0 1 0 1 0 0 0 0 1 0 0 0 0 0 0 0 1 0 0 1 0 1 0 0 0 0 0]
Objectifs : [7.28146122882965, 8]
Rang : 1

Individu : [0 1 1 0 1 1 1 0 1 0 1 1 1 1 1 1 1 1 0 1 0 1 1 0 1 1 1 0 0 1]
Objectifs : [6.275157590947064, 21]
Rang : 1

Individu : [0 1 0 0 0 0 0 0 0 0 1 0 0 0 0 0 0 0 0 0 1 0 0 0 0 1 0 0 0 1]
Objectifs : [7.53208779524569, 5]
Rang : 1

Individu : [0 0 1 0 0 0 1 0 0 0 0 0 0 0 0 0 0 1 1 0 0 0 1 0 0 0 0 0 0 0]
Objectifs : [7.784613047770943, 5]
Rang : 1

Individu : [0 0 0 1 0 0 0 0 0 0 0 0 0 0 0 0 0 0 0 0 0 0 0 0 0 0 0 0 0 0]
Objectifs : [17.581833371307056, 1]
Rang : 1

Individu : [1 0 1 0 0 0 0 0 0 0 0 0 0 0 1 0 1 1 0 1 0 1 1 0 0 0 1 0 0 0]
Objectifs : [6.778309409888357, 9]
Rang : 1

Individu : [1 1 1 0 1 0 0 0 0 1 0 0 0 1 0 0 0 0 0 0 0 0 1 0 0 0 0 0 1 0]
Objectifs : [7.533986481354902, 8]
Rang : 1

Individu : [0 0 0 0 1 0 1 1 0 0 0 0 0 0 0 0 0 0 0 0 0 0 0 0 0 0 0 0 0 0]
Objectifs : [8.538391433128274, 3]
Rang : 1

Individu : [1 1 1 0 1 1 1 1 0 0 0 0 0 0 0 1 0 0 0 0 0 0 1 0 0 0 0 0 0 0]
Objectifs : [7.28146122882965, 9]
Rang : 1

Individu : [1 0 0 0 0 0 0 0 0 0 0 0 0 0 0 0 0 0 0 0 0 0 0 1 0 0 0 0 0 0]
Objectifs : [10.292777398040554, 2]
Rang : 1

Individu : [0 1 1 0 1 1 0 0 1 0 0 0 0 1 1 0 0 0 0 0 0 0 1 0 0 0 0 0 0 1]
Objectifs : [7.533986481354902, 9]
Rang : 1

Individu : [0 0 0 0 1 0 0 0 0 0 0 0 0 0 0 0 0 0 0 0 0 0 0 0 0 0 0 0 0 0]
Objectifs : [36.68451431609327, 1]
Rang : 1

Individu : [0 0 0 1 0 0 0 0 0 0 0 0 0 0 0 0 0 0 0 0 0 0 1 0 0 0 0 0 0 0]
Objectifs : [11.300979722032352, 2]
Rang : 1

