Résultats pour la méthode 3:

Individu : [0 0 0 0 0 0 0 0 0 0 0 0 0 0 0 0 0 1 0 0 1 1 0 0 0 0 0 0 0 0 1 0 0 0 0 0]
Objectifs : [17.2681797936192, 4]
Rang : 1

Individu : [0 1 0 1 1 1 0 0 1 0 0 1 1 1 0 1 1 0 1 1 1 1 0 1 1 1 1 1 0 1 0 0 0 1 0 0]
Objectifs : [9.697125432555591, 21]
Rang : 1

Individu : [0 0 0 0 0 0 0 0 0 0 0 0 0 0 0 0 1 0 0 0 0 0 0 0 0 0 0 0 0 0 0 0 0 0 0 0]
Objectifs : [46.295361882780945, 1]
Rang : 1

Individu : [0 0 0 0 0 0 0 0 0 0 0 0 0 0 0 0 1 1 0 0 0 0 0 0 0 1 0 0 0 0 0 0 0 0 0 0]
Objectifs : [17.84832599818724, 3]
Rang : 1

Individu : [0 1 0 0 0 0 0 0 0 0 0 1 0 0 0 1 1 1 0 0 0 0 1 0 1 0 0 0 0 0 0 0 0 0 0 0]
Objectifs : [12.564622481366236, 7]
Rang : 1

Individu : [0 0 0 0 0 0 0 0 0 0 0 0 0 0 0 0 0 1 0 0 1 1 0 0 0 0 0 0 0 0 1 0 0 0 0 0]
Objectifs : [17.2681797936192, 4]
Rang : 1

Individu : [0 1 0 1 1 1 0 0 1 0 0 1 1 1 0 1 1 0 1 1 1 1 0 1 1 1 1 1 0 1 0 0 0 1 0 0]
Objectifs : [9.697125432555591, 21]
Rang : 1

Individu : [0 0 0 0 0 0 0 0 0 0 0 0 0 0 0 0 1 0 0 0 0 0 0 0 0 0 0 0 0 0 0 0 0 0 0 0]
Objectifs : [46.295361882780945, 1]
Rang : 1

Individu : [0 0 0 0 0 0 0 0 0 0 0 0 0 0 0 0 1 1 0 0 0 0 0 0 0 1 0 0 0 0 0 0 0 0 0 0]
Objectifs : [17.84832599818724, 3]
Rang : 1

Individu : [0 1 0 0 0 0 0 0 0 0 0 1 0 0 0 1 1 1 0 0 0 0 1 0 1 0 0 0 0 0 0 0 0 0 0 0]
Objectifs : [12.564622481366236, 7]
Rang : 1

Individu : [0 0 0 0 0 0 0 0 0 0 0 0 0 0 0 0 0 1 0 0 1 1 0 0 0 0 0 0 0 0 1 0 0 0 0 0]
Objectifs : [17.2681797936192, 4]
Rang : 1

Individu : [0 1 0 1 1 1 0 0 1 0 0 1 1 1 0 1 1 0 1 1 1 1 0 1 1 1 1 1 0 1 0 0 0 1 0 0]
Objectifs : [9.697125432555591, 21]
Rang : 1

Individu : [0 0 0 0 0 0 0 0 0 0 0 0 0 0 0 0 1 0 0 0 0 0 0 0 0 0 0 0 0 0 0 0 0 0 0 0]
Objectifs : [46.295361882780945, 1]
Rang : 1

Individu : [0 0 0 0 0 0 0 0 0 0 0 0 0 0 0 0 1 1 0 0 0 0 0 0 0 1 0 0 0 0 0 0 0 0 0 0]
Objectifs : [17.84832599818724, 3]
Rang : 1

Individu : [0 1 0 0 0 0 0 0 0 0 0 1 0 0 0 1 1 1 0 0 0 0 1 0 1 0 0 0 0 0 0 0 0 0 0 0]
Objectifs : [12.564622481366236, 7]
Rang : 1

Individu : [0 1 0 1 0 0 0 0 0 1 0 0 0 0 0 0 1 1 0 0 0 1 1 1 0 0 0 1 0 1 0 0 0 0 0 0]
Objectifs : [11.114474999766395, 10]
Rang : 1

Individu : [0 0 0 0 0 0 0 0 0 0 0 0 0 0 0 0 0 1 0 0 1 1 0 0 0 0 0 0 0 0 1 0 0 0 0 0]
Objectifs : [17.2681797936192, 4]
Rang : 1

Individu : [0 1 0 1 1 1 0 0 1 0 0 1 1 1 0 1 1 0 1 1 1 1 0 1 1 1 1 1 0 1 0 0 0 1 0 0]
Objectifs : [9.697125432555591, 21]
Rang : 1

Individu : [0 0 0 0 0 0 0 0 0 0 0 0 0 0 0 0 1 0 0 0 0 0 0 0 0 0 0 0 0 0 0 0 0 0 0 0]
Objectifs : [46.295361882780945, 1]
Rang : 1

Individu : [0 0 0 0 0 0 0 0 0 0 0 0 0 0 0 0 1 1 0 0 0 0 0 0 0 1 0 0 0 0 0 0 0 0 0 0]
Objectifs : [17.84832599818724, 3]
Rang : 1

Individu : [0 1 0 0 0 0 0 0 0 0 0 1 0 0 0 1 1 1 0 0 0 0 1 0 1 0 0 0 0 0 0 0 0 0 0 0]
Objectifs : [12.564622481366236, 7]
Rang : 1

Individu : [0 1 0 1 0 0 0 0 0 1 0 0 0 0 0 0 1 1 0 0 0 1 1 1 0 0 0 1 0 1 0 0 0 0 0 0]
Objectifs : [11.114474999766395, 10]
Rang : 1

Individu : [0 0 0 0 0 0 0 0 0 0 0 0 0 0 0 0 0 1 0 0 1 1 0 0 0 0 0 0 0 0 1 0 0 0 0 0]
Objectifs : [17.2681797936192, 4]
Rang : 1

Individu : [0 1 0 1 1 1 0 0 1 0 0 1 1 1 0 1 1 0 1 1 1 1 0 1 1 1 1 1 0 1 0 0 0 1 0 0]
Objectifs : [9.697125432555591, 21]
Rang : 1

Individu : [0 0 0 0 0 0 0 0 0 0 0 0 0 0 0 0 1 0 0 0 0 0 0 0 0 0 0 0 0 0 0 0 0 0 0 0]
Objectifs : [46.295361882780945, 1]
Rang : 1

Individu : [0 0 0 0 0 0 0 0 0 0 0 0 0 0 0 0 1 1 0 0 0 0 0 0 0 1 0 0 0 0 0 0 0 0 0 0]
Objectifs : [17.84832599818724, 3]
Rang : 1

Individu : [0 1 0 0 0 0 0 0 0 0 0 1 0 0 0 1 1 1 0 0 0 0 1 0 1 0 0 0 0 0 0 0 0 0 0 0]
Objectifs : [12.564622481366236, 7]
Rang : 1

Individu : [0 1 0 1 0 0 0 0 0 1 0 0 0 0 0 0 1 1 0 0 0 1 1 1 0 0 0 1 0 1 0 0 0 0 0 0]
Objectifs : [11.114474999766395, 10]
Rang : 1

Individu : [0 1 1 1 1 0 0 0 0 1 0 0 1 1 0 0 0 0 0 0 1 1 0 1 1 0 1 0 1 0 0 0 0 0 0 0]
Objectifs : [10.180372955581095, 13]
Rang : 1

Individu : [0 0 0 0 0 0 0 0 0 0 0 0 0 0 0 0 0 1 0 0 1 1 0 0 0 0 0 0 0 0 1 0 0 0 0 0]
Objectifs : [17.2681797936192, 4]
Rang : 1

Individu : [0 1 0 1 1 1 0 0 1 0 0 1 1 1 0 1 1 0 1 1 1 1 0 1 1 1 1 1 0 1 0 0 0 1 0 0]
Objectifs : [9.697125432555591, 21]
Rang : 1

Individu : [0 0 0 0 0 0 0 0 0 0 0 0 0 0 0 0 1 0 0 0 0 0 0 0 0 0 0 0 0 0 0 0 0 0 0 0]
Objectifs : [46.295361882780945, 1]
Rang : 1

Individu : [0 0 0 0 0 0 0 0 0 0 0 0 0 0 0 0 1 1 0 0 0 0 0 0 0 1 0 0 0 0 0 0 0 0 0 0]
Objectifs : [17.84832599818724, 3]
Rang : 1

Individu : [0 1 0 0 0 0 0 0 0 0 0 1 0 0 0 1 1 1 0 0 0 0 1 0 1 0 0 0 0 0 0 0 0 0 0 0]
Objectifs : [12.564622481366236, 7]
Rang : 1

Individu : [0 1 0 1 0 0 0 0 0 1 0 0 0 0 0 0 1 1 0 0 0 1 1 1 0 0 0 1 0 1 0 0 0 0 0 0]
Objectifs : [11.114474999766395, 10]
Rang : 1

Individu : [0 1 1 1 1 0 0 0 0 1 0 0 1 1 0 0 0 0 0 0 1 1 0 1 1 0 1 0 1 0 0 0 0 0 0 0]
Objectifs : [10.180372955581095, 13]
Rang : 1

Individu : [0 1 0 0 0 0 0 0 1 0 1 0 0 1 1 0 1 1 0 0 0 0 0 0 0 0 0 0 0 0 0 0 0 1 0 1]
Objectifs : [11.211217945723034, 9]
Rang : 1

Individu : [0 1 0 0 0 0 0 0 0 1 1 0 0 0 0 0 0 0 0 0 0 0 0 0 1 0 1 0 0 0 0 0 0 0 0 0]
Objectifs : [15.271026640129323, 5]
Rang : 1

Individu : [1 0 0 1 1 1 0 0 1 1 0 1 1 1 0 1 1 1 0 0 0 1 1 1 1 0 1 1 1 1 1 0 1 0 1 1]
Objectifs : [9.439258449434213, 24]
Rang : 1

Individu : [0 0 0 0 0 0 0 0 0 0 0 0 0 0 0 0 0 1 0 0 1 1 0 0 0 0 0 0 0 0 1 0 0 0 0 0]
Objectifs : [17.2681797936192, 4]
Rang : 1

Individu : [0 1 0 1 1 1 0 0 1 0 0 1 1 1 0 1 1 0 1 1 1 1 0 1 1 1 1 1 0 1 0 0 0 1 0 0]
Objectifs : [9.697125432555591, 21]
Rang : 1

Individu : [0 0 0 0 0 0 0 0 0 0 0 0 0 0 0 0 1 0 0 0 0 0 0 0 0 0 0 0 0 0 0 0 0 0 0 0]
Objectifs : [46.295361882780945, 1]
Rang : 1

Individu : [0 0 0 0 0 0 0 0 0 0 0 0 0 0 0 0 1 1 0 0 0 0 0 0 0 1 0 0 0 0 0 0 0 0 0 0]
Objectifs : [17.84832599818724, 3]
Rang : 1

Individu : [0 1 0 0 0 0 0 0 0 0 0 1 0 0 0 1 1 1 0 0 0 0 1 0 1 0 0 0 0 0 0 0 0 0 0 0]
Objectifs : [12.564622481366236, 7]
Rang : 1

Individu : [0 1 0 1 0 0 0 0 0 1 0 0 0 0 0 0 1 1 0 0 0 1 1 1 0 0 0 1 0 1 0 0 0 0 0 0]
Objectifs : [11.114474999766395, 10]
Rang : 1

Individu : [0 1 1 1 1 0 0 0 0 1 0 0 1 1 0 0 0 0 0 0 1 1 0 1 1 0 1 0 1 0 0 0 0 0 0 0]
Objectifs : [10.180372955581095, 13]
Rang : 1

Individu : [0 1 0 0 0 0 0 0 1 0 1 0 0 1 1 0 1 1 0 0 0 0 0 0 0 0 0 0 0 0 0 0 0 1 0 1]
Objectifs : [11.211217945723034, 9]
Rang : 1

Individu : [0 1 0 0 0 0 0 0 0 1 1 0 0 0 0 0 0 0 0 0 0 0 0 0 1 0 1 0 0 0 0 0 0 0 0 0]
Objectifs : [15.271026640129323, 5]
Rang : 1

Individu : [1 0 0 1 1 1 0 0 1 1 0 1 1 1 0 1 1 1 0 0 0 1 1 1 1 0 1 1 1 1 1 0 1 0 1 1]
Objectifs : [9.439258449434213, 24]
Rang : 1

Individu : [0 0 0 1 1 0 0 0 0 0 0 0 0 0 0 0 0 0 0 0 0 0 0 0 0 0 0 0 0 0 0 0 0 0 0 0]
Objectifs : [25.12924496273247, 2]
Rang : 1

Individu : [0 0 0 0 0 0 0 0 0 0 0 0 0 0 0 0 0 1 0 0 1 1 0 0 0 0 0 0 0 0 1 0 0 0 0 0]
Objectifs : [17.2681797936192, 4]
Rang : 1

Individu : [0 1 0 1 1 1 0 0 1 0 0 1 1 1 0 1 1 0 1 1 1 1 0 1 1 1 1 1 0 1 0 0 0 1 0 0]
Objectifs : [9.697125432555591, 21]
Rang : 1

Individu : [0 0 0 0 0 0 0 0 0 0 0 0 0 0 0 0 1 0 0 0 0 0 0 0 0 0 0 0 0 0 0 0 0 0 0 0]
Objectifs : [46.295361882780945, 1]
Rang : 1

Individu : [0 0 0 0 0 0 0 0 0 0 0 0 0 0 0 0 1 1 0 0 0 0 0 0 0 1 0 0 0 0 0 0 0 0 0 0]
Objectifs : [17.84832599818724, 3]
Rang : 1

Individu : [0 1 0 0 0 0 0 0 0 0 0 1 0 0 0 1 1 1 0 0 0 0 1 0 1 0 0 0 0 0 0 0 0 0 0 0]
Objectifs : [12.564622481366236, 7]
Rang : 1

Individu : [0 1 0 1 0 0 0 0 0 1 0 0 0 0 0 0 1 1 0 0 0 1 1 1 0 0 0 1 0 1 0 0 0 0 0 0]
Objectifs : [11.114474999766395, 10]
Rang : 1

Individu : [0 1 1 1 1 0 0 0 0 1 0 0 1 1 0 0 0 0 0 0 1 1 0 1 1 0 1 0 1 0 0 0 0 0 0 0]
Objectifs : [10.180372955581095, 13]
Rang : 1

Individu : [0 1 0 0 0 0 0 0 1 0 1 0 0 1 1 0 1 1 0 0 0 0 0 0 0 0 0 0 0 0 0 0 0 1 0 1]
Objectifs : [11.211217945723034, 9]
Rang : 1

Individu : [0 1 0 0 0 0 0 0 0 1 1 0 0 0 0 0 0 0 0 0 0 0 0 0 1 0 1 0 0 0 0 0 0 0 0 0]
Objectifs : [15.271026640129323, 5]
Rang : 1

Individu : [1 0 0 1 1 1 0 0 1 1 0 1 1 1 0 1 1 1 0 0 0 1 1 1 1 0 1 1 1 1 1 0 1 0 1 1]
Objectifs : [9.439258449434213, 24]
Rang : 1

Individu : [0 0 0 1 1 0 0 0 0 0 0 0 0 0 0 0 0 0 0 0 0 0 0 0 0 0 0 0 0 0 0 0 0 0 0 0]
Objectifs : [25.12924496273247, 2]
Rang : 1

Individu : [0 0 1 0 1 1 0 0 0 0 0 1 0 0 0 0 0 0 0 0 0 0 0 0 0 0 1 0 1 0 0 0 0 0 0 0]
Objectifs : [13.498849114020253, 6]
Rang : 1

Individu : [0 0 0 0 0 0 0 0 0 0 0 0 0 0 0 0 0 1 0 0 1 1 0 0 0 0 0 0 0 0 1 0 0 0 0 0]
Objectifs : [17.2681797936192, 4]
Rang : 1

Individu : [0 1 0 1 1 1 0 0 1 0 0 1 1 1 0 1 1 0 1 1 1 1 0 1 1 1 1 1 0 1 0 0 0 1 0 0]
Objectifs : [9.697125432555591, 21]
Rang : 1

Individu : [0 0 0 0 0 0 0 0 0 0 0 0 0 0 0 0 1 0 0 0 0 0 0 0 0 0 0 0 0 0 0 0 0 0 0 0]
Objectifs : [46.295361882780945, 1]
Rang : 1

Individu : [0 0 0 0 0 0 0 0 0 0 0 0 0 0 0 0 1 1 0 0 0 0 0 0 0 1 0 0 0 0 0 0 0 0 0 0]
Objectifs : [17.84832599818724, 3]
Rang : 1

Individu : [0 1 0 0 0 0 0 0 0 0 0 1 0 0 0 1 1 1 0 0 0 0 1 0 1 0 0 0 0 0 0 0 0 0 0 0]
Objectifs : [12.564622481366236, 7]
Rang : 1

Individu : [0 1 0 1 0 0 0 0 0 1 0 0 0 0 0 0 1 1 0 0 0 1 1 1 0 0 0 1 0 1 0 0 0 0 0 0]
Objectifs : [11.114474999766395, 10]
Rang : 1

Individu : [0 1 1 1 1 0 0 0 0 1 0 0 1 1 0 0 0 0 0 0 1 1 0 1 1 0 1 0 1 0 0 0 0 0 0 0]
Objectifs : [10.180372955581095, 13]
Rang : 1

Individu : [0 1 0 0 0 0 0 0 1 0 1 0 0 1 1 0 1 1 0 0 0 0 0 0 0 0 0 0 0 0 0 0 0 1 0 1]
Objectifs : [11.211217945723034, 9]
Rang : 1

Individu : [0 1 0 0 0 0 0 0 0 1 1 0 0 0 0 0 0 0 0 0 0 0 0 0 1 0 1 0 0 0 0 0 0 0 0 0]
Objectifs : [15.271026640129323, 5]
Rang : 1

Individu : [1 0 0 1 1 1 0 0 1 1 0 1 1 1 0 1 1 1 0 0 0 1 1 1 1 0 1 1 1 1 1 0 1 0 1 1]
Objectifs : [9.439258449434213, 24]
Rang : 1

Individu : [0 0 0 1 1 0 0 0 0 0 0 0 0 0 0 0 0 0 0 0 0 0 0 0 0 0 0 0 0 0 0 0 0 0 0 0]
Objectifs : [25.12924496273247, 2]
Rang : 1

Individu : [0 0 1 0 1 1 0 0 0 0 0 1 0 0 0 0 0 0 0 0 0 0 0 0 0 0 1 0 1 0 0 0 0 0 0 0]
Objectifs : [13.498849114020253, 6]
Rang : 1

Individu : [0 0 0 0 0 0 0 0 0 0 0 0 0 0 0 0 0 1 0 0 1 1 0 0 0 0 0 0 0 0 1 0 0 0 0 0]
Objectifs : [17.2681797936192, 4]
Rang : 1

Individu : [0 1 0 1 1 1 0 0 1 0 0 1 1 1 0 1 1 0 1 1 1 1 0 1 1 1 1 1 0 1 0 0 0 1 0 0]
Objectifs : [9.697125432555591, 21]
Rang : 1

Individu : [0 0 0 0 0 0 0 0 0 0 0 0 0 0 0 0 1 0 0 0 0 0 0 0 0 0 0 0 0 0 0 0 0 0 0 0]
Objectifs : [46.295361882780945, 1]
Rang : 1

Individu : [0 0 0 0 0 0 0 0 0 0 0 0 0 0 0 0 1 1 0 0 0 0 0 0 0 1 0 0 0 0 0 0 0 0 0 0]
Objectifs : [17.84832599818724, 3]
Rang : 1

Individu : [0 1 0 0 0 0 0 0 0 0 0 1 0 0 0 1 1 1 0 0 0 0 1 0 1 0 0 0 0 0 0 0 0 0 0 0]
Objectifs : [12.564622481366236, 7]
Rang : 1

Individu : [0 1 0 1 0 0 0 0 0 1 0 0 0 0 0 0 1 1 0 0 0 1 1 1 0 0 0 1 0 1 0 0 0 0 0 0]
Objectifs : [11.114474999766395, 10]
Rang : 1

Individu : [0 1 1 1 1 0 0 0 0 1 0 0 1 1 0 0 0 0 0 0 1 1 0 1 1 0 1 0 1 0 0 0 0 0 0 0]
Objectifs : [10.180372955581095, 13]
Rang : 1

Individu : [0 1 0 0 0 0 0 0 1 0 1 0 0 1 1 0 1 1 0 0 0 0 0 0 0 0 0 0 0 0 0 0 0 1 0 1]
Objectifs : [11.211217945723034, 9]
Rang : 1

Individu : [0 1 0 0 0 0 0 0 0 1 1 0 0 0 0 0 0 0 0 0 0 0 0 0 1 0 1 0 0 0 0 0 0 0 0 0]
Objectifs : [15.271026640129323, 5]
Rang : 1

Individu : [1 0 0 1 1 1 0 0 1 1 0 1 1 1 0 1 1 1 0 0 0 1 1 1 1 0 1 1 1 1 1 0 1 0 1 1]
Objectifs : [9.439258449434213, 24]
Rang : 1

Individu : [0 0 0 1 1 0 0 0 0 0 0 0 0 0 0 0 0 0 0 0 0 0 0 0 0 0 0 0 0 0 0 0 0 0 0 0]
Objectifs : [25.12924496273247, 2]
Rang : 1

Individu : [0 0 1 0 1 1 0 0 0 0 0 1 0 0 0 0 0 0 0 0 0 0 0 0 0 0 1 0 1 0 0 0 0 0 0 0]
Objectifs : [13.498849114020253, 6]
Rang : 1

Individu : [0 0 0 0 0 0 0 0 0 0 0 0 0 0 0 0 0 1 0 0 1 1 0 0 0 0 0 0 0 0 1 0 0 0 0 0]
Objectifs : [17.2681797936192, 4]
Rang : 1

Individu : [0 1 0 1 1 1 0 0 1 0 0 1 1 1 0 1 1 0 1 1 1 1 0 1 1 1 1 1 0 1 0 0 0 1 0 0]
Objectifs : [9.697125432555591, 21]
Rang : 1

Individu : [0 0 0 0 0 0 0 0 0 0 0 0 0 0 0 0 1 0 0 0 0 0 0 0 0 0 0 0 0 0 0 0 0 0 0 0]
Objectifs : [46.295361882780945, 1]
Rang : 1

Individu : [0 0 0 0 0 0 0 0 0 0 0 0 0 0 0 0 1 1 0 0 0 0 0 0 0 1 0 0 0 0 0 0 0 0 0 0]
Objectifs : [17.84832599818724, 3]
Rang : 1

Individu : [0 1 0 0 0 0 0 0 0 0 0 1 0 0 0 1 1 1 0 0 0 0 1 0 1 0 0 0 0 0 0 0 0 0 0 0]
Objectifs : [12.564622481366236, 7]
Rang : 1

Individu : [0 1 0 1 0 0 0 0 0 1 0 0 0 0 0 0 1 1 0 0 0 1 1 1 0 0 0 1 0 1 0 0 0 0 0 0]
Objectifs : [11.114474999766395, 10]
Rang : 1

Individu : [0 1 1 1 1 0 0 0 0 1 0 0 1 1 0 0 0 0 0 0 1 1 0 1 1 0 1 0 1 0 0 0 0 0 0 0]
Objectifs : [10.180372955581095, 13]
Rang : 1

Individu : [0 1 0 0 0 0 0 0 1 0 1 0 0 1 1 0 1 1 0 0 0 0 0 0 0 0 0 0 0 0 0 0 0 1 0 1]
Objectifs : [11.211217945723034, 9]
Rang : 1

Individu : [0 1 0 0 0 0 0 0 0 1 1 0 0 0 0 0 0 0 0 0 0 0 0 0 1 0 1 0 0 0 0 0 0 0 0 0]
Objectifs : [15.271026640129323, 5]
Rang : 1

Individu : [1 0 0 1 1 1 0 0 1 1 0 1 1 1 0 1 1 1 0 0 0 1 1 1 1 0 1 1 1 1 1 0 1 0 1 1]
Objectifs : [9.439258449434213, 24]
Rang : 1

Individu : [0 0 0 1 1 0 0 0 0 0 0 0 0 0 0 0 0 0 0 0 0 0 0 0 0 0 0 0 0 0 0 0 0 0 0 0]
Objectifs : [25.12924496273247, 2]
Rang : 1

Individu : [0 0 1 0 1 1 0 0 0 0 0 1 0 0 0 0 0 0 0 0 0 0 0 0 0 0 1 0 1 0 0 0 0 0 0 0]
Objectifs : [13.498849114020253, 6]
Rang : 1

Individu : [0 0 1 0 1 1 1 0 1 1 1 0 0 0 0 0 1 0 0 0 0 1 0 1 0 0 1 0 1 0 0 0 0 0 0 0]
Objectifs : [10.985681670233012, 12]
Rang : 1

Individu : [0 0 0 0 0 0 0 0 0 0 0 0 0 0 0 0 0 1 0 0 1 1 0 0 0 0 0 0 0 0 1 0 0 0 0 0]
Objectifs : [17.2681797936192, 4]
Rang : 1

