Résultats pour la méthode 2:

Individu : [0 0 1 1 0 0 0 1 0 0 0 0 1 0 0 0 0 0 0 0 0 0 0 0 0 0 0 0 0 0 0 0 0 0]
Objectifs : [8.185285556559268, 4]
Rang : 1

Individu : [0 0 1 1 0 0 0 1 0 0 0 0 1 0 0 0 0 0 0 0 0 0 0 0 0 0 0 0 0 0 0 0 0 0]
Objectifs : [8.185285556559268, 4]
Rang : 1

Individu : [0 0 1 1 0 0 0 1 0 0 0 0 1 0 0 0 0 0 0 0 0 0 0 0 0 0 0 0 0 0 0 0 0 0]
Objectifs : [8.185285556559268, 4]
Rang : 1

Individu : [0 0 0 0 0 0 1 1 0 0 0 0 0 0 0 0 0 0 0 0 0 0 0 0 0 0 0 0 0 0 0 0 0 0]
Objectifs : [12.646793134598013, 2]
Rang : 1

Individu : [0 0 1 1 0 0 0 1 0 0 0 0 1 0 0 0 0 0 0 0 0 0 0 0 0 0 0 0 0 0 0 0 0 0]
Objectifs : [8.185285556559268, 4]
Rang : 1

Individu : [0 0 0 0 0 0 1 1 0 0 0 0 0 0 0 0 0 0 0 0 0 0 0 0 0 0 0 0 0 0 0 0 0 0]
Objectifs : [12.646793134598013, 2]
Rang : 1

Individu : [0 0 1 1 0 0 0 1 0 0 0 0 1 0 0 0 0 0 0 0 0 0 0 0 0 0 0 0 0 0 0 0 0 0]
Objectifs : [8.185285556559268, 4]
Rang : 1

Individu : [0 0 0 0 0 0 1 1 0 0 0 0 0 0 0 0 0 0 0 0 0 0 0 0 0 0 0 0 0 0 0 0 0 0]
Objectifs : [12.646793134598013, 2]
Rang : 1

Individu : [0 0 1 1 0 0 0 1 0 0 0 0 1 0 0 0 0 0 0 0 0 0 0 0 0 0 0 0 0 0 0 0 0 0]
Objectifs : [8.185285556559268, 4]
Rang : 1

Individu : [0 0 0 0 0 0 1 1 0 0 0 0 0 0 0 0 0 0 0 0 0 0 0 0 0 0 0 0 0 0 0 0 0 0]
Objectifs : [12.646793134598013, 2]
Rang : 1

Individu : [0 0 1 1 0 0 0 1 0 0 0 0 1 0 0 0 0 0 0 0 0 0 0 0 0 0 0 0 0 0 0 0 0 0]
Objectifs : [8.185285556559268, 4]
Rang : 1

Individu : [0 0 0 0 0 0 1 1 0 0 0 0 0 0 0 0 0 0 0 0 0 0 0 0 0 0 0 0 0 0 0 0 0 0]
Objectifs : [12.646793134598013, 2]
Rang : 1

Individu : [0 0 1 1 0 0 0 1 0 0 0 0 1 0 0 0 0 0 0 0 0 0 0 0 0 0 0 0 0 0 0 0 0 0]
Objectifs : [8.185285556559268, 4]
Rang : 1

Individu : [0 0 0 0 0 0 1 1 0 0 0 0 0 0 0 0 0 0 0 0 0 0 0 0 0 0 0 0 0 0 0 0 0 0]
Objectifs : [12.646793134598013, 2]
Rang : 1

Individu : [0 0 0 0 0 1 0 0 0 0 0 0 0 0 0 0 0 0 0 0 0 0 0 0 0 0 0 0 0 0 0 0 0 0]
Objectifs : [19.206062430994685, 1]
Rang : 1

Individu : [0 0 1 1 0 0 0 1 0 0 0 0 1 0 0 0 0 0 0 0 0 0 0 0 0 0 0 0 0 0 0 0 0 0]
Objectifs : [8.185285556559268, 4]
Rang : 1

Individu : [0 0 0 0 0 0 1 1 0 0 0 0 0 0 0 0 0 0 0 0 0 0 0 0 0 0 0 0 0 0 0 0 0 0]
Objectifs : [12.646793134598013, 2]
Rang : 1

Individu : [0 0 0 0 0 1 0 0 0 0 0 0 0 0 0 0 0 0 0 0 0 0 0 0 0 0 0 0 0 0 0 0 0 0]
Objectifs : [19.206062430994685, 1]
Rang : 1

Individu : [0 0 1 0 1 1 0 0 0 0 0 0 0 0 0 0 0 0 0 0 0 0 0 0 0 0 0 0 0 0 0 0 0 0]
Objectifs : [8.978219411823748, 3]
Rang : 1

Individu : [0 0 1 1 0 0 0 1 0 0 0 0 1 0 0 0 0 0 0 0 0 0 0 0 0 0 0 0 0 0 0 0 0 0]
Objectifs : [8.185285556559268, 4]
Rang : 1

Individu : [0 0 0 0 0 0 1 1 0 0 0 0 0 0 0 0 0 0 0 0 0 0 0 0 0 0 0 0 0 0 0 0 0 0]
Objectifs : [12.646793134598013, 2]
Rang : 1

Individu : [0 0 0 0 0 1 0 0 0 0 0 0 0 0 0 0 0 0 0 0 0 0 0 0 0 0 0 0 0 0 0 0 0 0]
Objectifs : [19.206062430994685, 1]
Rang : 1

Individu : [0 0 1 0 1 1 0 0 0 0 0 0 0 0 0 0 0 0 0 0 0 0 0 0 0 0 0 0 0 0 0 0 0 0]
Objectifs : [8.978219411823748, 3]
Rang : 1

Individu : [0 0 1 1 0 0 0 1 0 0 0 0 1 0 0 0 0 0 0 0 0 0 0 0 0 0 0 0 0 0 0 0 0 0]
Objectifs : [8.185285556559268, 4]
Rang : 1

Individu : [0 0 0 0 0 0 1 1 0 0 0 0 0 0 0 0 0 0 0 0 0 0 0 0 0 0 0 0 0 0 0 0 0 0]
Objectifs : [12.646793134598013, 2]
Rang : 1

Individu : [0 0 0 0 0 1 0 0 0 0 0 0 0 0 0 0 0 0 0 0 0 0 0 0 0 0 0 0 0 0 0 0 0 0]
Objectifs : [19.206062430994685, 1]
Rang : 1

Individu : [0 0 1 0 1 1 0 0 0 0 0 0 0 0 0 0 0 0 0 0 0 0 0 0 0 0 0 0 0 0 0 0 0 0]
Objectifs : [8.978219411823748, 3]
Rang : 1

Individu : [0 0 1 1 0 0 0 1 0 0 0 0 1 0 0 0 0 0 0 0 0 0 0 0 0 0 0 0 0 0 0 0 0 0]
Objectifs : [8.185285556559268, 4]
Rang : 1

Individu : [0 0 0 0 0 0 1 1 0 0 0 0 0 0 0 0 0 0 0 0 0 0 0 0 0 0 0 0 0 0 0 0 0 0]
Objectifs : [12.646793134598013, 2]
Rang : 1

Individu : [0 0 0 0 0 1 0 0 0 0 0 0 0 0 0 0 0 0 0 0 0 0 0 0 0 0 0 0 0 0 0 0 0 0]
Objectifs : [19.206062430994685, 1]
Rang : 1

Individu : [0 0 1 0 1 1 0 0 0 0 0 0 0 0 0 0 0 0 0 0 0 0 0 0 0 0 0 0 0 0 0 0 0 0]
Objectifs : [8.978219411823748, 3]
Rang : 1

Individu : [0 0 1 1 0 0 0 1 0 0 0 0 1 0 0 0 0 0 0 0 0 0 0 0 0 0 0 0 0 0 0 0 0 0]
Objectifs : [8.185285556559268, 4]
Rang : 1

Individu : [0 0 0 0 0 0 1 1 0 0 0 0 0 0 0 0 0 0 0 0 0 0 0 0 0 0 0 0 0 0 0 0 0 0]
Objectifs : [12.646793134598013, 2]
Rang : 1

Individu : [0 0 0 0 0 1 0 0 0 0 0 0 0 0 0 0 0 0 0 0 0 0 0 0 0 0 0 0 0 0 0 0 0 0]
Objectifs : [19.206062430994685, 1]
Rang : 1

Individu : [0 0 1 0 1 1 0 0 0 0 0 0 0 0 0 0 0 0 0 0 0 0 0 0 0 0 0 0 0 0 0 0 0 0]
Objectifs : [8.978219411823748, 3]
Rang : 1

Individu : [0 0 1 1 0 0 0 1 0 0 0 0 1 0 0 0 0 0 0 0 0 0 0 0 0 0 0 0 0 0 0 0 0 0]
Objectifs : [8.185285556559268, 4]
Rang : 1

Individu : [0 0 0 0 0 0 1 1 0 0 0 0 0 0 0 0 0 0 0 0 0 0 0 0 0 0 0 0 0 0 0 0 0 0]
Objectifs : [12.646793134598013, 2]
Rang : 1

Individu : [0 0 0 0 0 1 0 0 0 0 0 0 0 0 0 0 0 0 0 0 0 0 0 0 0 0 0 0 0 0 0 0 0 0]
Objectifs : [19.206062430994685, 1]
Rang : 1

Individu : [0 0 1 0 1 1 0 0 0 0 0 0 0 0 0 0 0 0 0 0 0 0 0 0 0 0 0 0 0 0 0 0 0 0]
Objectifs : [8.978219411823748, 3]
Rang : 1

Individu : [0 0 1 1 0 0 0 1 0 0 0 0 1 0 0 0 0 0 0 0 0 0 0 0 0 0 0 0 0 0 0 0 0 0]
Objectifs : [8.185285556559268, 4]
Rang : 1

Individu : [0 0 0 0 0 0 1 1 0 0 0 0 0 0 0 0 0 0 0 0 0 0 0 0 0 0 0 0 0 0 0 0 0 0]
Objectifs : [12.646793134598013, 2]
Rang : 1

Individu : [0 0 0 0 0 1 0 0 0 0 0 0 0 0 0 0 0 0 0 0 0 0 0 0 0 0 0 0 0 0 0 0 0 0]
Objectifs : [19.206062430994685, 1]
Rang : 1

Individu : [0 0 1 0 1 1 0 0 0 0 0 0 0 0 0 0 0 0 0 0 0 0 0 0 0 0 0 0 0 0 0 0 0 0]
Objectifs : [8.978219411823748, 3]
Rang : 1

Individu : [0 0 1 0 0 0 0 0 0 0 0 0 0 0 0 0 0 0 0 0 0 0 0 0 0 0 0 0 0 0 0 0 0 0]
Objectifs : [26.518117033022182, 1]
Rang : 1

Individu : [0 0 1 1 0 0 0 1 0 0 0 0 1 0 0 0 0 0 0 0 0 0 0 0 0 0 0 0 0 0 0 0 0 0]
Objectifs : [8.185285556559268, 4]
Rang : 1

Individu : [0 0 0 0 0 0 1 1 0 0 0 0 0 0 0 0 0 0 0 0 0 0 0 0 0 0 0 0 0 0 0 0 0 0]
Objectifs : [12.646793134598013, 2]
Rang : 1

Individu : [0 0 0 0 0 1 0 0 0 0 0 0 0 0 0 0 0 0 0 0 0 0 0 0 0 0 0 0 0 0 0 0 0 0]
Objectifs : [19.206062430994685, 1]
Rang : 1

Individu : [0 0 1 0 1 1 0 0 0 0 0 0 0 0 0 0 0 0 0 0 0 0 0 0 0 0 0 0 0 0 0 0 0 0]
Objectifs : [8.978219411823748, 3]
Rang : 1

Individu : [1 0 0 0 0 0 0 0 0 0 0 0 0 0 0 0 0 0 0 0 0 0 0 0 0 0 0 0 0 0 0 0 0 0]
Objectifs : [52.288467329117736, 1]
Rang : 1

Individu : [0 0 1 1 0 0 0 1 0 0 0 0 1 0 0 0 0 0 0 0 0 0 0 0 0 0 0 0 0 0 0 0 0 0]
Objectifs : [8.185285556559268, 4]
Rang : 1

Individu : [0 0 0 0 0 0 1 1 0 0 0 0 0 0 0 0 0 0 0 0 0 0 0 0 0 0 0 0 0 0 0 0 0 0]
Objectifs : [12.646793134598013, 2]
Rang : 1

Individu : [0 0 0 0 0 1 0 0 0 0 0 0 0 0 0 0 0 0 0 0 0 0 0 0 0 0 0 0 0 0 0 0 0 0]
Objectifs : [19.206062430994685, 1]
Rang : 1

Individu : [0 0 1 0 1 1 0 0 0 0 0 0 0 0 0 0 0 0 0 0 0 0 0 0 0 0 0 0 0 0 0 0 0 0]
Objectifs : [8.978219411823748, 3]
Rang : 1

Individu : [1 0 0 0 0 0 1 1 0 0 0 0 0 0 0 0 0 0 1 0 0 0 0 0 0 0 0 0 0 0 0 0 0 0]
Objectifs : [11.422262370771856, 4]
Rang : 1

Individu : [0 0 1 1 0 0 0 1 0 0 0 0 1 0 0 0 0 0 0 0 0 0 0 0 0 0 0 0 0 0 0 0 0 0]
Objectifs : [8.185285556559268, 4]
Rang : 1

Individu : [0 0 0 0 0 0 1 1 0 0 0 0 0 0 0 0 0 0 0 0 0 0 0 0 0 0 0 0 0 0 0 0 0 0]
Objectifs : [12.646793134598013, 2]
Rang : 1

Individu : [0 0 0 0 0 1 0 0 0 0 0 0 0 0 0 0 0 0 0 0 0 0 0 0 0 0 0 0 0 0 0 0 0 0]
Objectifs : [19.206062430994685, 1]
Rang : 1

Individu : [0 0 1 0 1 1 0 0 0 0 0 0 0 0 0 0 0 0 0 0 0 0 0 0 0 0 0 0 0 0 0 0 0 0]
Objectifs : [8.978219411823748, 3]
Rang : 1

Individu : [0 1 0 0 1 1 0 0 0 0 0 0 0 0 0 0 0 0 0 0 0 0 0 0 0 0 0 0 0 0 0 0 0 0]
Objectifs : [11.422262370771856, 3]
Rang : 1

Individu : [0 0 0 0 0 0 0 1 0 0 0 0 0 0 0 0 0 0 0 0 0 0 0 0 0 0 0 0 0 0 0 0 0 0]
Objectifs : [21.619993977717552, 1]
Rang : 1

Individu : [1 0 1 0 0 1 0 1 0 0 0 0 0 0 0 0 0 0 0 0 0 0 0 0 0 0 0 0 0 0 0 0 0 0]
Objectifs : [8.973200843119542, 4]
Rang : 1

Individu : [0 0 0 0 1 1 0 0 0 0 0 1 0 0 0 0 0 0 0 0 0 0 0 0 0 0 0 0 0 0 0 0 0 0]
Objectifs : [11.8237478671083, 3]
Rang : 1

Individu : [0 0 1 1 0 0 0 0 0 0 0 0 0 0 0 0 0 0 0 0 0 0 0 0 0 0 0 0 0 0 0 0 0 0]
Objectifs : [13.454782695975108, 2]
Rang : 1

Individu : [0 0 1 0 0 1 0 0 0 0 0 0 0 0 0 0 0 1 0 0 0 0 0 0 0 0 0 0 0 0 0 0 0 0]
Objectifs : [13.053297199638664, 3]
Rang : 1

Individu : [1 0 1 1 0 0 0 0 0 0 0 0 0 0 0 0 0 0 0 0 0 0 0 0 0 0 0 0 0 0 0 0 0 0]
Objectifs : [13.454782695975108, 3]
Rang : 1

Individu : [0 1 1 1 0 0 0 0 0 0 0 0 0 0 0 0 0 0 0 0 0 0 0 0 0 0 0 0 0 0 0 0 0 0]
Objectifs : [13.454782695975108, 3]
Rang : 1

Individu : [1 0 0 1 0 0 1 0 0 0 0 0 0 0 0 0 0 0 0 0 0 0 0 0 0 0 0 0 0 0 0 0 0 0]
Objectifs : [13.866305329719964, 3]
Rang : 1

Individu : [0 0 0 0 1 0 0 0 0 0 0 0 0 0 0 0 0 0 0 0 0 0 0 0 0 0 0 0 0 0 0 0 0 0]
Objectifs : [22.448057813911472, 1]
Rang : 1

Individu : [0 0 0 1 0 0 0 0 0 0 0 0 0 0 0 0 0 0 0 0 0 0 1 0 0 0 0 0 0 0 0 0 0 0]
Objectifs : [13.871323898424171, 2]
Rang : 1

Individu : [1 0 0 0 1 0 1 0 0 0 0 0 0 0 0 0 0 0 0 0 0 0 0 0 0 0 0 0 0 0 0 0 0 0]
Objectifs : [17.12335641874937, 3]
Rang : 1

Individu : [1 1 0 0 0 1 0 0 0 0 0 0 0 0 0 0 0 0 0 0 0 0 0 0 0 0 0 0 0 0 0 0 0 0]
Objectifs : [21.248619893606342, 3]
Rang : 1

Individu : [0 1 1 0 1 1 0 0 0 0 0 0 0 0 0 0 0 0 0 0 0 0 0 0 0 0 0 0 0 0 0 0 0 0]
Objectifs : [8.978219411823748, 4]
Rang : 1

Individu : [1 0 0 0 0 1 0 0 1 0 0 1 0 0 0 0 0 0 0 0 0 0 0 0 0 0 0 0 0 0 0 0 0 0]
Objectifs : [20.80196727893205, 4]
Rang : 1

Individu : [1 1 1 1 0 1 1 1 0 0 0 0 0 0 0 0 0 0 0 0 0 0 0 0 0 0 0 0 0 0 0 0 0 0]
Objectifs : [10.20776874435411, 7]
Rang : 1

Individu : [0 1 1 1 1 1 1 0 0 0 0 0 0 1 0 0 0 0 0 1 0 0 0 0 0 0 0 0 0 0 0 0 0 0]
Objectifs : [11.843822141925124, 8]
Rang : 1

Individu : [0 1 1 0 1 1 1 1 1 1 1 0 0 1 1 1 1 1 0 1 1 1 1 1 1 1 1 1 1 1 1 1 0 0]
Objectifs : [14.689350597209677, 27]
Rang : 1

Individu : [1 0 0 0 0 1 1 1 0 0 1 0 0 0 1 0 1 1 1 1 0 1 0 0 1 1 1 1 1 1 0 1 0 1]
Objectifs : [21.218508481381107, 19]
Rang : 1

Individu : [0 1 1 1 0 0 0 1 0 1 0 0 0 0 0 0 0 0 0 0 0 0 0 0 0 0 0 0 0 0 0 0 0 0]
Objectifs : [10.212787313058316, 5]
Rang : 2

Individu : [0 1 1 0 0 1 0 1 0 0 0 0 0 0 0 0 0 0 0 0 0 0 0 0 0 0 0 0 0 0 0 0 0 0]
Objectifs : [8.983237980527953, 4]
Rang : 2

Individu : [0 0 0 0 0 1 1 1 0 0 0 0 0 0 0 0 0 0 0 0 1 0 0 0 0 0 0 0 0 0 0 0 0 0]
Objectifs : [11.838803573220916, 4]
Rang : 2

Individu : [0 1 0 1 1 0 0 0 0 0 0 0 0 0 0 0 0 1 0 0 0 0 0 0 0 0 0 0 0 0 1 0 0 1]
Objectifs : [17.143430693566195, 6]
Rang : 2

Individu : [0 0 0 1 1 1 1 1 1 1 0 0 0 1 1 1 0 0 0 0 1 1 1 1 0 0 0 1 1 0 0 0 0 0]
Objectifs : [17.133393556157785, 16]
Rang : 2

Individu : [1 1 1 1 0 0 1 1 1 1 1 0 0 1 0 0 0 0 0 1 1 0 0 0 0 0 1 0 0 0 0 0 0 0]
Objectifs : [17.143430693566195, 13]
Rang : 2

Individu : [1 1 1 1 1 1 1 1 1 1 0 0 1 1 0 0 1 0 1 0 1 0 1 0 1 1 1 1 0 1 1 1 1 1]
Objectifs : [15.492321589882566, 25]
Rang : 2

Individu : [1 0 1 0 1 0 0 0 0 0 0 0 0 0 0 1 0 0 0 0 0 0 0 0 0 0 0 0 0 0 0 0 0 0]
Objectifs : [9.77617183579243, 4]
Rang : 3

Individu : [1 0 0 1 1 0 1 1 1 1 1 1 1 1 1 1 1 1 1 1 1 1 1 0 1 1 1 1 1 1 1 1 1 1]
Objectifs : [17.133393556157785, 30]
Rang : 3

Individu : [0 1 1 1 1 0 0 1 1 0 0 1 1 0 0 0 0 1 0 1 0 1 0 0 0 0 0 0 0 0 0 0 0 1]
Objectifs : [13.063334337047076, 12]
Rang : 3

Individu : [0 0 0 1 0 1 1 0 1 0 0 0 0 0 0 0 0 0 0 0 0 1 0 0 0 0 0 0 0 0 0 0 0 0]
Objectifs : [14.277827963464821, 5]
Rang : 3

Individu : [1 0 1 1 1 1 0 0 0 1 0 0 0 0 0 0 0 0 0 0 0 0 0 0 0 0 0 0 0 0 0 0 0 0]
Objectifs : [11.015758305731204, 6]
Rang : 3

Individu : [1 1 1 0 1 0 0 1 0 0 0 0 0 1 0 0 0 0 0 0 0 0 0 0 0 0 0 0 0 0 0 0 0 0]
Objectifs : [11.005721168322795, 6]
Rang : 3

Individu : [0 0 1 0 0 0 1 1 0 0 0 0 0 0 0 1 0 0 0 0 0 0 0 0 0 0 0 0 0 0 0 0 0 0]
Objectifs : [10.202750175649905, 4]
Rang : 3

Individu : [0 1 1 1 0 1 0 0 0 0 1 0 0 0 0 0 0 0 0 0 0 0 0 0 0 0 0 0 0 0 0 0 0 0]
Objectifs : [11.020776874435413, 5]
Rang : 3

Individu : [0 0 1 0 1 1 0 0 0 0 0 0 0 0 0 0 1 0 0 0 0 0 0 0 0 0 0 0 0 0 0 0 0 0]
Objectifs : [11.828766435812506, 4]
Rang : 3

Individu : [0 1 1 1 0 0 0 1 0 0 0 0 0 0 0 0 0 0 0 0 0 0 0 0 0 0 0 0 0 0 0 0 0 0]
Objectifs : [9.801264679313459, 4]
Rang : 3

Individu : [0 0 0 0 0 0 1 1 0 0 0 0 0 1 0 0 0 1 0 0 0 0 0 0 0 0 0 0 0 0 0 0 0 0]
Objectifs : [9.37970490816019, 4]
Rang : 3

Individu : [1 0 0 1 1 0 0 0 0 0 0 0 0 0 0 0 0 0 0 0 1 0 0 0 0 0 0 0 0 0 0 0 0 0]
Objectifs : [10.609254240690554, 4]
Rang : 3

Individu : [1 0 1 0 0 0 0 1 0 0 0 0 0 0 0 0 0 0 0 0 0 1 0 0 0 0 0 0 0 0 0 0 0 0]
Objectifs : [10.60423567198635, 4]
Rang : 3

Individu : [1 0 0 0 1 0 0 1 1 0 0 0 0 0 0 0 0 0 0 0 0 0 0 0 0 0 0 0 0 0 0 0 0 0]
Objectifs : [9.384723476864398, 4]
Rang : 3

Individu : [0 1 1 1 0 0 1 0 0 0 0 0 0 0 0 1 0 0 0 0 0 0 0 0 0 0 0 0 0 0 0 0 0 0]
Objectifs : [9.389742045568603, 5]
Rang : 3

Individu : [0 1 1 1 1 0 0 1 1 0 0 0 0 0 0 0 0 0 0 0 0 0 0 0 0 0 0 0 0 0 0 0 0 0]
Objectifs : [10.217805881762521, 6]
Rang : 3

