Résultats pour la méthode 4:

Individu : [1 0 1 0 0 0 0 0 0 1 1 0 1 0 0 0 1 0 1 1 0 0 0 0 1 0 1 1 1 0 0 1 1 1 1 0 1
 1 1 1 1 1 0 1 1 1 1 1 1 1 1 1 1 0 1 1]
Objectifs : [27.878787878787882, 34]
Rang : 1

Individu : [1 0 1 0 0 0 0 0 0 1 1 0 1 0 0 0 1 0 1 1 0 0 0 0 1 0 1 1 1 0 0 1 1 1 1 0 1
 1 1 1 1 1 0 1 1 1 1 1 1 1 1 1 1 0 1 1]
Objectifs : [27.878787878787882, 34]
Rang : 1

Individu : [1 0 1 0 0 0 0 0 0 1 1 0 1 0 0 0 1 0 1 1 0 0 0 0 1 0 1 1 1 0 0 1 1 1 1 0 1
 1 1 1 1 1 0 1 1 1 1 1 1 1 1 1 1 0 1 1]
Objectifs : [27.878787878787882, 34]
Rang : 1

Individu : [0 0 0 0 0 1 0 0 0 0 0 0 0 0 0 0 0 0 0 0 0 0 0 0 0 0 0 0 0 0 0 0 0 0 0 0 0
 0 0 0 0 0 0 0 0 0 0 0 0 0 0 0 0 0 0 0]
Objectifs : [43.93939393939394, 1]
Rang : 1

Individu : [1 0 1 0 0 1 1 1 1 1 1 1 1 0 0 1 0 1 1 0 1 0 1 1 0 0 0 0 0 0 0 0 0 1 0 0 1
 0 1 0 0 0 0 0 0 0 0 0 0 0 0 0 0 1 0 0]
Objectifs : [30.909090909090907, 20]
Rang : 1

Individu : [1 0 1 0 0 0 0 0 0 1 1 0 1 0 0 0 1 0 1 1 0 0 0 0 1 0 1 1 1 0 0 1 1 1 1 0 1
 1 1 1 1 1 0 1 1 1 1 1 1 1 1 1 1 0 1 1]
Objectifs : [27.878787878787882, 34]
Rang : 1

Individu : [0 0 0 0 0 1 0 0 0 0 0 0 0 0 0 0 0 0 0 0 0 0 0 0 0 0 0 0 0 0 0 0 0 0 0 0 0
 0 0 0 0 0 0 0 0 0 0 0 0 0 0 0 0 0 0 0]
Objectifs : [43.93939393939394, 1]
Rang : 1

Individu : [1 0 1 0 0 1 1 1 1 1 1 1 1 0 0 1 0 1 1 0 1 0 1 1 0 0 0 0 0 0 0 0 0 1 0 0 1
 0 1 0 0 0 0 0 0 0 0 0 0 0 0 0 0 1 0 0]
Objectifs : [30.909090909090907, 20]
Rang : 1

Individu : [1 0 1 1 0 1 0 0 0 1 1 1 0 1 1 0 1 0 0 1 1 1 0 1 0 0 0 1 0 0 1 1 1 1 0 1 1
 1 1 0 1 0 1 1 1 1 1 1 0 0 1 1 1 1 1 1]
Objectifs : [30.909090909090907, 36]
Rang : 1

Individu : [0 1 0 1 0 0 0 1 0 0 0 0 1 0 0 0 0 0 0 0 0 0 0 0 0 0 0 0 0 0 0 0 0 0 0 0 0
 0 0 0 0 0 0 0 0 0 0 0 0 0 0 0 0 0 0 0]
Objectifs : [43.333333333333336, 4]
Rang : 1

Individu : [1 0 1 0 0 0 0 0 0 1 1 0 1 0 0 0 1 0 1 1 0 0 0 0 1 0 1 1 1 0 0 1 1 1 1 0 1
 1 1 1 1 1 0 1 1 1 1 1 1 1 1 1 1 0 1 1]
Objectifs : [27.878787878787882, 34]
Rang : 1

Individu : [0 0 0 0 0 1 0 0 0 0 0 0 0 0 0 0 0 0 0 0 0 0 0 0 0 0 0 0 0 0 0 0 0 0 0 0 0
 0 0 0 0 0 0 0 0 0 0 0 0 0 0 0 0 0 0 0]
Objectifs : [43.93939393939394, 1]
Rang : 1

Individu : [1 0 1 0 0 1 1 1 1 1 1 1 1 0 0 1 0 1 1 0 1 0 1 1 0 0 0 0 0 0 0 0 0 1 0 0 1
 0 1 0 0 0 0 0 0 0 0 0 0 0 0 0 0 1 0 0]
Objectifs : [30.909090909090907, 20]
Rang : 1

Individu : [0 1 0 1 0 0 0 1 0 0 0 0 1 0 0 0 0 0 0 0 0 0 0 0 0 0 0 0 0 0 0 0 0 0 0 0 0
 0 0 0 0 0 0 0 0 0 0 0 0 0 0 0 0 0 0 0]
Objectifs : [43.333333333333336, 4]
Rang : 1

Individu : [1 0 1 0 0 0 0 0 0 1 1 0 1 0 0 0 1 0 1 1 0 0 0 0 1 0 1 1 1 0 0 1 1 1 1 0 1
 1 1 1 1 1 0 1 1 1 1 1 1 1 1 1 1 0 1 1]
Objectifs : [27.878787878787882, 34]
Rang : 1

Individu : [0 0 0 0 0 1 0 0 0 0 0 0 0 0 0 0 0 0 0 0 0 0 0 0 0 0 0 0 0 0 0 0 0 0 0 0 0
 0 0 0 0 0 0 0 0 0 0 0 0 0 0 0 0 0 0 0]
Objectifs : [43.93939393939394, 1]
Rang : 1

Individu : [1 0 1 0 0 1 1 1 1 1 1 1 1 0 0 1 0 1 1 0 1 0 1 1 0 0 0 0 0 0 0 0 0 1 0 0 1
 0 1 0 0 0 0 0 0 0 0 0 0 0 0 0 0 1 0 0]
Objectifs : [30.909090909090907, 20]
Rang : 1

Individu : [0 1 0 1 0 0 0 1 0 0 0 0 1 0 0 0 0 0 0 0 0 0 0 0 0 0 0 0 0 0 0 0 0 0 0 0 0
 0 0 0 0 0 0 0 0 0 0 0 0 0 0 0 0 0 0 0]
Objectifs : [43.333333333333336, 4]
Rang : 1

Individu : [1 0 1 0 0 0 0 0 0 1 1 0 1 0 0 0 1 0 1 1 0 0 0 0 1 0 1 1 1 0 0 1 1 1 1 0 1
 1 1 1 1 1 0 1 1 1 1 1 1 1 1 1 1 0 1 1]
Objectifs : [27.878787878787882, 34]
Rang : 1

Individu : [0 0 0 0 0 1 0 0 0 0 0 0 0 0 0 0 0 0 0 0 0 0 0 0 0 0 0 0 0 0 0 0 0 0 0 0 0
 0 0 0 0 0 0 0 0 0 0 0 0 0 0 0 0 0 0 0]
Objectifs : [43.93939393939394, 1]
Rang : 1

Individu : [1 0 1 0 0 1 1 1 1 1 1 1 1 0 0 1 0 1 1 0 1 0 1 1 0 0 0 0 0 0 0 0 0 1 0 0 1
 0 1 0 0 0 0 0 0 0 0 0 0 0 0 0 0 1 0 0]
Objectifs : [30.909090909090907, 20]
Rang : 1

Individu : [0 1 0 1 0 0 0 1 0 0 0 0 1 0 0 0 0 0 0 0 0 0 0 0 0 0 0 0 0 0 0 0 0 0 0 0 0
 0 0 0 0 0 0 0 0 0 0 0 0 0 0 0 0 0 0 0]
Objectifs : [43.333333333333336, 4]
Rang : 1

Individu : [0 1 1 1 1 0 1 1 1 0 1 0 1 1 1 1 1 1 1 0 1 0 0 0 0 0 0 0 0 0 1 1 0 0 1 0 0
 1 1 0 0 0 1 0 0 0 0 0 0 0 0 0 0 0 1 0]
Objectifs : [40.303030303030305, 23]
Rang : 1

Individu : [1 1 0 0 0 0 1 0 1 1 1 0 1 0 0 0 0 0 0 0 0 0 0 0 0 0 0 0 0 0 0 0 0 0 0 0 0
 0 0 0 0 0 0 0 0 0 0 0 0 0 0 0 1 0 0 0]
Objectifs : [43.63636363636363, 8]
Rang : 1

Individu : [1 0 1 0 0 0 0 0 0 1 1 0 1 0 0 0 1 0 1 1 0 0 0 0 1 0 1 1 1 0 0 1 1 1 1 0 1
 1 1 1 1 1 0 1 1 1 1 1 1 1 1 1 1 0 1 1]
Objectifs : [27.878787878787882, 34]
Rang : 1

Individu : [0 0 0 0 0 1 0 0 0 0 0 0 0 0 0 0 0 0 0 0 0 0 0 0 0 0 0 0 0 0 0 0 0 0 0 0 0
 0 0 0 0 0 0 0 0 0 0 0 0 0 0 0 0 0 0 0]
Objectifs : [43.93939393939394, 1]
Rang : 1

Individu : [1 0 1 0 0 1 1 1 1 1 1 1 1 0 0 1 0 1 1 0 1 0 1 1 0 0 0 0 0 0 0 0 0 1 0 0 1
 0 1 0 0 0 0 0 0 0 0 0 0 0 0 0 0 1 0 0]
Objectifs : [30.909090909090907, 20]
Rang : 1

Individu : [0 1 0 1 0 0 0 1 0 0 0 0 1 0 0 0 0 0 0 0 0 0 0 0 0 0 0 0 0 0 0 0 0 0 0 0 0
 0 0 0 0 0 0 0 0 0 0 0 0 0 0 0 0 0 0 0]
Objectifs : [43.333333333333336, 4]
Rang : 1

Individu : [0 0 1 1 1 1 0 1 1 1 0 1 1 0 0 1 0 0 0 0 1 0 0 1 1 0 1 0 1 0 0 1 0 1 0 0 0
 1 0 0 1 0 0 0 0 0 0 1 0 1 0 1 1 0 0 0]
Objectifs : [37.57575757575758, 23]
Rang : 1

Individu : [1 0 1 0 1 1 1 1 0 1 0 0 1 1 1 0 1 1 1 1 0 0 0 0 0 1 1 0 0 1 1 0 0 0 1 0 1
 0 0 0 0 0 0 1 0 1 0 0 0 1 0 0 0 1 0 0]
Objectifs : [37.57575757575758, 24]
Rang : 1

Individu : [1 0 0 0 1 1 0 0 0 0 0 0 0 0 0 0 0 0 0 0 0 0 0 0 0 0 0 0 0 0 0 0 0 0 0 0 0
 0 0 0 0 0 0 0 0 0 0 0 0 0 0 0 0 0 0 0]
Objectifs : [50.0, 3]
Rang : 1

Individu : [0 1 1 1 1 1 0 0 1 0 1 0 1 0 0 1 0 1 1 0 1 1 1 1 0 1 0 1 1 0 1 1 1 1 1 1 1
 0 1 0 0 1 1 1 0 1 1 1 1 0 1 1 1 1 1 1]
Objectifs : [37.878787878787875, 39]
Rang : 1

Individu : [1 0 1 0 0 1 0 0 0 1 1 1 1 0 1 1 1 1 1 1 0 1 1 1 1 1 1 1 1 0 1 1 1 1 1 1 1
 1 1 0 1 1 1 1 1 1 1 1 1 1 1 1 1 1 1 1]
Objectifs : [36.96969696969697, 46]
Rang : 1

Individu : [1 0 0 0 0 1 0 0 0 0 0 0 0 0 0 0 0 0 1 0 0 0 0 0 0 1 0 0 0 0 0 0 0 1 0 0 0
 0 0 0 0 0 0 0 0 0 0 0 0 0 0 0 0 0 0 0]
Objectifs : [37.57575757575758, 5]
Rang : 1

Individu : [1 0 1 0 0 0 0 0 0 1 1 0 1 0 0 0 1 0 1 1 0 0 0 0 1 0 1 1 1 0 0 1 1 1 1 0 1
 1 1 1 1 1 0 1 1 1 1 1 1 1 1 1 1 0 1 1]
Objectifs : [27.878787878787882, 34]
Rang : 1

Individu : [0 0 0 0 0 1 0 0 0 0 0 0 0 0 0 0 0 0 0 0 0 0 0 0 0 0 0 0 0 0 0 0 0 0 0 0 0
 0 0 0 0 0 0 0 0 0 0 0 0 0 0 0 0 0 0 0]
Objectifs : [43.93939393939394, 1]
Rang : 1

Individu : [1 0 1 0 0 1 1 1 1 1 1 1 1 0 0 1 0 1 1 0 1 0 1 1 0 0 0 0 0 0 0 0 0 1 0 0 1
 0 1 0 0 0 0 0 0 0 0 0 0 0 0 0 0 1 0 0]
Objectifs : [30.909090909090907, 20]
Rang : 1

Individu : [0 1 0 1 0 0 0 1 0 0 0 0 1 0 0 0 0 0 0 0 0 0 0 0 0 0 0 0 0 0 0 0 0 0 0 0 0
 0 0 0 0 0 0 0 0 0 0 0 0 0 0 0 0 0 0 0]
Objectifs : [43.333333333333336, 4]
Rang : 1

Individu : [1 0 0 0 0 1 0 0 0 0 0 0 0 0 0 0 0 0 0 0 0 0 0 0 0 0 0 0 0 0 0 0 0 0 0 0 0
 0 0 0 0 0 0 0 0 0 0 0 0 0 0 0 0 0 0 0]
Objectifs : [43.93939393939394, 2]
Rang : 1

Individu : [0 0 1 0 0 0 0 0 0 0 0 0 0 0 0 0 0 0 0 0 0 0 0 0 0 0 0 0 0 0 0 0 0 0 0 0 0
 0 0 0 0 0 0 0 0 0 0 0 0 0 0 0 0 0 0 0]
Objectifs : [68.78787878787878, 1]
Rang : 1

Individu : [0 1 1 1 1 1 1 1 1 1 0 1 0 1 0 0 1 1 1 0 0 0 1 1 0 0 1 1 0 0 0 1 0 0 0 0 1
 0 1 1 0 1 0 0 1 0 0 0 0 0 0 0 0 0 0 1]
Objectifs : [33.93939393939394, 25]
Rang : 1

Individu : [0 1 0 0 0 0 0 0 0 0 0 0 0 0 0 0 0 0 0 0 0 0 0 0 0 0 0 0 0 0 0 0 0 0 0 0 0
 0 0 0 0 0 0 0 0 0 0 0 0 0 0 0 0 0 0 0]
Objectifs : [69.0909090909091, 1]
Rang : 1

Individu : [1 0 1 1 0 1 0 0 0 1 1 1 0 1 1 0 1 0 0 1 1 1 0 1 0 0 0 1 0 0 1 1 1 1 0 1 1
 1 1 0 1 0 1 1 1 1 1 1 0 0 1 1 1 1 1 1]
Objectifs : [30.909090909090907, 36]
Rang : 1

Individu : [0 1 0 1 0 0 1 0 0 0 0 0 0 0 0 0 0 0 0 0 0 0 0 0 0 0 0 0 0 0 0 0 0 0 0 0 0
 0 0 0 0 0 0 0 0 0 0 0 0 0 0 0 0 0 0 0]
Objectifs : [46.666666666666664, 3]
Rang : 1

Individu : [0 0 1 1 0 1 0 0 0 1 1 1 1 1 1 0 1 0 1 0 1 0 0 0 0 1 1 1 1 0 1 0 1 1 1 1 0
 1 0 0 0 1 1 1 1 1 1 1 1 1 1 1 1 1 1 1]
Objectifs : [36.96969696969697, 37]
Rang : 1

Individu : [0 1 1 1 0 1 0 1 1 0 1 1 1 0 0 1 1 0 1 1 1 1 1 0 0 1 1 0 0 1 1 1 1 1 1 0 1
 0 1 1 1 1 1 1 0 1 0 0 1 1 1 1 1 0 0 1]
Objectifs : [37.27272727272727, 38]
Rang : 1

Individu : [1 0 0 0 0 0 0 0 0 0 0 0 0 0 0 0 0 0 0 0 0 0 0 0 0 0 0 0 0 0 0 0 0 0 0 0 0
 0 0 0 0 0 0 0 0 0 0 0 0 0 0 0 0 0 0 0]
Objectifs : [72.12121212121212, 1]
Rang : 1

Individu : [0 0 0 0 1 0 0 0 0 0 0 0 0 0 0 0 0 0 0 0 0 0 0 0 0 0 0 0 0 0 0 0 0 0 0 0 0
 0 0 0 0 0 0 0 0 0 0 0 0 0 0 0 0 0 0 0]
Objectifs : [72.12121212121212, 1]
Rang : 1

Individu : [1 1 0 0 0 1 1 1 1 0 1 1 0 1 0 1 1 1 1 1 1 0 0 0 1 1 0 1 1 0 1 1 0 1 1 0 1
 1 1 0 0 0 1 1 1 1 0 1 1 1 1 1 1 1 1 1]
Objectifs : [37.27272727272727, 39]
Rang : 1

Individu : [0 0 0 0 0 1 0 0 1 0 0 0 0 0 0 0 0 0 0 0 0 0 0 0 0 0 0 0 0 0 0 0 0 0 0 0 0
 0 0 0 0 0 0 0 0 0 0 0 0 0 0 0 0 0 0 0]
Objectifs : [46.96969696969697, 2]
Rang : 1

Individu : [0 0 0 1 0 0 0 0 0 0 0 0 0 0 0 0 0 0 0 0 0 0 0 0 0 0 0 0 0 0 0 0 0 0 0 0 0
 0 0 0 0 0 0 0 0 0 0 0 0 0 0 0 0 0 0 0]
Objectifs : [75.15151515151516, 1]
Rang : 1

Individu : [1 0 0 0 0 1 0 0 0 0 0 0 0 0 0 0 0 0 1 0 0 0 0 0 0 1 0 0 0 0 0 0 0 1 0 0 0
 0 0 0 0 0 0 0 0 0 0 0 0 0 0 0 0 0 0 0]
Objectifs : [37.57575757575758, 5]
Rang : 1

Individu : [0 1 1 0 1 1 0 0 1 1 0 0 1 0 0 0 1 1 1 1 0 0 1 1 1 1 1 1 1 0 0 1 0 1 1 1 1
 1 1 1 1 1 1 1 0 1 1 1 1 1 0 1 1 1 1 1]
Objectifs : [31.212121212121207, 40]
Rang : 1

Individu : [1 0 1 1 0 0 1 0 0 1 1 1 1 1 1 0 1 0 1 1 1 1 1 0 1 0 1 1 1 1 1 0 1 1 1 1 1
 0 1 0 1 0 1 0 0 1 1 1 1 1 1 1 1 1 1 1]
Objectifs : [33.93939393939394, 41]
Rang : 1

Individu : [0 0 1 1 1 1 0 1 0 1 1 1 1 0 0 0 1 1 1 1 0 0 1 0 1 0 0 1 0 0 1 1 1 1 1 1 1
 1 1 0 1 1 0 1 1 1 1 1 1 1 1 1 1 1 1 1]
Objectifs : [36.96969696969697, 40]
Rang : 1

Individu : [0 1 1 1 1 1 1 1 0 1 1 1 1 1 0 1 1 0 1 0 1 0 1 0 1 1 1 1 1 0 1 1 1 0 1 1 1
 0 0 1 1 0 0 1 1 1 1 1 1 1 1 1 1 1 0 1]
Objectifs : [33.93939393939394, 42]
Rang : 1

Individu : [0 1 0 0 0 0 0 0 0 1 0 0 0 0 0 0 0 0 0 0 0 0 0 0 0 0 0 0 0 0 0 0 0 0 0 0 0
 0 0 0 0 0 0 0 0 0 0 0 0 0 0 0 0 0 0 0]
Objectifs : [50.0, 2]
Rang : 1

Individu : [0 0 0 1 0 1 0 0 0 0 0 0 0 0 0 0 0 0 0 0 0 0 0 0 0 0 0 0 0 0 0 0 0 0 0 0 0
 0 0 0 0 0 0 0 0 0 0 0 0 0 0 0 0 0 0 0]
Objectifs : [50.0, 2]
Rang : 1

Individu : [1 0 0 0 0 1 0 0 0 0 0 0 0 0 0 1 0 0 0 0 0 0 0 0 0 0 0 0 0 0 0 0 0 0 0 0 0
 0 0 0 0 0 0 0 0 0 0 0 0 0 0 0 0 0 0 0]
Objectifs : [46.96969696969697, 3]
Rang : 1

Individu : [1 1 1 1 0 1 1 0 1 1 0 1 1 0 0 1 0 0 1 1 0 1 1 1 1 0 0 1 0 0 0 0 1 1 1 1 1
 1 1 1 1 1 1 1 1 1 1 1 1 1 1 1 0 1 1 1]
Objectifs : [34.24242424242425, 41]
Rang : 1

Individu : [0 1 0 0 0 0 0 0 0 0 1 0 0 0 0 0 0 0 0 0 0 0 0 0 0 0 0 0 0 0 0 0 0 0 0 0 0
 0 0 0 0 0 0 0 0 0 0 0 0 0 0 0 0 0 0 0]
Objectifs : [53.333333333333336, 2]
Rang : 1

Individu : [0 0 1 1 1 1 1 1 1 0 1 1 1 0 1 0 1 1 1 0 1 1 1 0 0 1 0 0 1 1 1 1 1 1 1 1 1
 1 0 1 1 0 1 1 1 1 0 1 1 1 0 0 1 1 1 1]
Objectifs : [34.24242424242425, 41]
Rang : 1

Individu : [1 0 0 0 0 1 0 0 0 0 0 0 0 0 0 0 0 0 0 0 0 0 0 0 0 0 1 0 0 0 0 0 0 0 1 0 1
 0 0 0 0 0 0 0 0 0 0 0 0 0 0 0 0 0 0 0]
Objectifs : [40.303030303030305, 5]
Rang : 1

Individu : [0 0 0 0 0 1 0 0 0 1 1 0 0 1 0 0 0 0 1 1 0 0 0 0 0 0 0 0 0 0 0 0 0 0 0 0 0
 0 0 0 0 0 0 0 0 0 0 0 0 0 0 0 0 0 0 0]
Objectifs : [37.57575757575758, 6]
Rang : 1

Individu : [0 1 0 0 0 0 0 0 0 0 0 1 0 0 0 0 0 0 0 0 0 0 0 0 0 0 0 0 0 0 0 0 0 0 0 0 0
 0 0 0 0 0 0 0 0 0 0 0 0 0 0 0 0 0 0 0]
Objectifs : [56.060606060606055, 2]
Rang : 1

Individu : [1 1 1 1 1 0 1 1 1 1 0 1 1 1 0 1 1 0 1 0 0 0 0 0 1 0 0 1 0 1 0 0 0 1 0 0 1
 0 0 0 0 0 1 0 0 0 0 0 0 0 0 0 0 0 0 0]
Objectifs : [37.57575757575758, 21]
Rang : 1

Individu : [1 0 0 0 0 1 0 1 0 0 0 0 0 0 0 0 0 0 0 0 0 0 0 0 0 0 0 0 0 0 0 0 0 0 0 0 0
 0 0 0 0 0 0 0 0 0 0 0 0 0 0 0 0 0 0 0]
Objectifs : [46.96969696969697, 3]
Rang : 1

Individu : [0 0 1 0 0 1 1 1 0 1 1 1 1 1 1 1 1 1 1 1 0 1 1 0 1 1 1 1 1 1 1 1 1 1 1 1 1
 1 1 1 1 1 1 1 1 1 1 1 1 1 1 1 1 1 1 1]
Objectifs : [36.96969696969697, 49]
Rang : 1

Individu : [1 0 0 0 0 1 0 0 1 0 0 0 0 0 0 0 0 0 0 0 0 0 0 0 0 0 0 0 0 0 0 0 0 0 0 0 0
 0 0 0 0 0 0 0 0 0 0 0 0 0 0 0 0 0 0 0]
Objectifs : [46.96969696969697, 3]
Rang : 1

Individu : [0 1 1 1 1 0 1 1 1 0 1 0 1 1 1 1 1 1 1 0 1 0 0 0 0 0 0 0 0 0 1 1 0 0 1 0 0
 1 1 0 0 0 1 0 0 0 0 0 0 0 0 0 0 0 1 0]
Objectifs : [40.303030303030305, 23]
Rang : 1

Individu : [0 0 1 1 1 0 1 0 0 1 1 1 1 1 1 1 1 1 1 1 1 1 1 0 1 1 1 1 1 1 1 1 1 1 1 1 1
 1 1 1 1 1 1 1 1 1 1 1 1 1 1 1 1 1 1 1]
Objectifs : [37.27272727272727, 50]
Rang : 1

Individu : [0 1 1 0 0 0 0 0 0 0 0 0 0 0 0 0 0 0 0 0 0 0 0 0 0 0 0 0 0 0 0 0 0 0 0 0 0
 0 0 0 0 0 0 0 0 0 0 0 0 0 0 0 0 0 0 0]
Objectifs : [62.424242424242415, 2]
Rang : 1

Individu : [0 0 0 0 0 0 0 1 0 1 0 0 0 0 0 0 0 0 0 0 0 0 0 0 0 0 0 0 0 0 0 0 0 0 0 0 0
 0 0 0 0 0 0 0 0 0 0 0 0 0 0 0 0 0 0 0]
Objectifs : [62.424242424242415, 2]
Rang : 1

Individu : [0 1 0 0 0 1 0 0 0 1 1 0 0 0 0 0 0 0 0 0 0 1 0 0 0 0 0 0 0 0 0 0 0 0 0 0 0
 1 0 0 0 0 1 0 0 0 0 0 0 0 0 0 0 0 0 0]
Objectifs : [40.909090909090914, 7]
Rang : 1

Individu : [0 1 0 1 0 1 0 0 0 1 0 0 1 0 0 0 0 0 0 0 0 0 1 0 0 0 0 0 0 0 0 0 0 0 0 0 0
 0 0 0 0 0 0 0 0 0 0 0 0 0 0 0 0 0 0 0]
Objectifs : [46.666666666666664, 6]
Rang : 1

Individu : [0 0 1 0 0 0 0 0 1 0 0 0 0 0 0 0 0 1 0 1 0 0 0 1 0 0 0 0 0 0 0 0 0 0 0 0 0
 0 0 0 0 0 0 0 0 0 0 0 0 1 0 0 0 0 0 0]
Objectifs : [46.666666666666664, 6]
Rang : 1

Individu : [0 0 0 0 1 0 0 0 0 0 0 0 0 0 0 0 1 0 0 0 0 0 0 0 0 0 0 0 0 0 0 0 0 0 0 0 0
 0 0 0 0 0 0 0 0 0 0 0 0 0 0 0 0 0 0 0]
Objectifs : [72.12121212121212, 2]
Rang : 1

Individu : [1 0 0 0 0 0 1 0 0 1 1 1 1 0 0 0 0 1 0 0 1 0 0 0 1 0 1 0 1 1 1 0 1 1 1 0 1
 1 1 1 1 1 1 0 0 0 1 1 0 1 1 1 1 1 1 1]
Objectifs : [40.0, 32]
Rang : 1

Individu : [1 1 0 1 1 0 0 1 0 1 0 1 1 0 0 0 0 0 0 0 0 0 0 0 0 0 0 0 0 0 0 0 0 0 0 0 0
 0 0 0 0 0 0 0 0 0 0 0 0 0 0 0 0 1 0 0]
Objectifs : [46.666666666666664, 9]
Rang : 1

Individu : [0 1 1 1 1 0 0 1 1 0 1 1 1 1 0 1 1 1 1 0 1 1 1 1 1 1 1 1 1 1 1 1 1 1 1 1 1
 1 1 1 1 1 1 1 1 1 1 1 1 1 1 1 1 1 1 1]
Objectifs : [37.27272727272727, 50]
Rang : 1

Individu : [0 1 1 1 0 1 0 0 0 1 1 1 0 0 1 0 0 1 1 1 1 0 0 1 1 0 0 1 1 0 1 1 1 0 0 1 1
 1 1 1 0 0 1 1 0 0 1 1 1 1 1 1 1 1 1 1]
Objectifs : [37.57575757575758, 36]
Rang : 1

Individu : [0 1 0 1 0 0 0 0 0 0 0 0 0 0 0 0 0 0 0 0 0 0 0 0 0 0 0 0 0 0 0 0 0 0 0 0 0
 1 0 0 0 0 0 0 0 0 0 0 0 0 0 0 0 0 0 0]
Objectifs : [53.03030303030303, 3]
Rang : 1

Individu : [1 1 0 1 1 1 0 0 0 0 0 0 0 0 0 0 0 0 0 0 0 0 0 0 0 0 0 0 0 0 0 0 0 0 0 0 0
 0 0 0 1 0 0 0 0 0 0 0 0 0 0 0 0 0 0 0]
Objectifs : [47.57575757575758, 6]
Rang : 1

Individu : [1 1 1 0 0 0 0 0 1 1 0 1 0 0 0 1 1 0 1 1 0 1 0 0 0 0 0 0 1 0 0 0 0 0 0 0 0
 0 0 0 0 0 0 0 0 0 0 0 0 0 0 0 0 0 0 0]
Objectifs : [40.60606060606061, 12]
Rang : 1

Individu : [0 1 0 0 0 1 0 0 0 0 0 0 0 0 0 0 0 1 0 0 0 0 0 1 0 0 0 0 0 0 0 0 0 0 0 0 0
 0 0 0 0 0 0 0 0 0 0 0 0 0 0 0 0 0 0 0]
Objectifs : [50.6060606060606, 4]
Rang : 1

Individu : [1 0 0 0 0 0 0 1 0 0 0 0 0 0 0 0 0 1 0 1 1 0 1 0 1 0 0 1 0 0 0 1 0 1 1 1 1
 0 1 1 1 1 1 1 1 1 1 1 0 0 1 1 1 1 1 1]
Objectifs : [50.0, 29]
Rang : 1

Individu : [1 1 0 0 0 1 0 0 0 0 0 0 0 0 0 0 0 0 0 0 0 0 0 0 0 0 0 0 0 0 1 0 0 0 0 0 0
 0 0 0 0 0 0 0 0 0 0 0 0 0 0 0 0 0 0 0]
Objectifs : [53.333333333333336, 4]
Rang : 1

Individu : [0 0 1 1 1 1 0 1 0 1 1 0 1 1 1 0 1 1 1 1 1 1 1 1 1 1 1 1 1 1 1 1 1 1 1 1 1
 1 1 1 1 1 1 1 1 1 1 1 1 1 1 1 1 1 1 1]
Objectifs : [43.63636363636363, 50]
Rang : 1

Individu : [0 1 0 0 0 0 0 0 0 1 0 1 0 0 0 0 0 0 0 0 0 0 0 0 0 0 0 0 0 0 0 0 0 0 0 0 0
 0 0 0 0 0 0 0 0 0 0 0 0 0 0 0 0 0 0 0]
Objectifs : [56.36363636363636, 3]
Rang : 1

Individu : [0 1 0 1 0 0 0 0 0 0 0 1 0 0 0 0 0 0 1 0 1 0 0 1 1 1 1 0 1 1 1 1 1 1 0 1 1
 1 1 1 0 1 1 1 0 0 1 1 0 1 1 0 1 1 1 1]
Objectifs : [46.96969696969697, 31]
Rang : 1

Individu : [1 0 0 0 0 1 1 1 0 0 0 1 1 1 1 1 0 0 0 1 0 0 0 0 1 1 1 1 0 0 1 1 1 0 0 0 0
 0 0 0 0 0 0 0 0 0 0 0 0 0 0 0 0 0 0 0]
Objectifs : [59.696969696969695, 17]
Rang : 1

Individu : [1 0 0 0 1 1 0 0 0 0 0 1 1 1 1 0 0 0 0 0 0 0 1 0 0 0 0 0 0 0 0 1 0 0 0 0 0
 0 0 0 0 0 0 0 0 0 0 0 0 0 0 0 0 0 0 0]
Objectifs : [62.72727272727272, 9]
Rang : 1

Individu : [1 1 0 0 0 1 1 1 1 0 1 1 0 1 0 1 1 1 1 1 1 0 0 0 1 1 0 1 1 0 1 1 0 1 1 0 1
 1 1 0 0 0 1 1 1 1 0 1 1 1 1 1 1 1 1 1]
Objectifs : [37.27272727272727, 39]
Rang : 2

Individu : [0 0 0 0 1 0 0 1 1 1 1 0 1 1 1 1 1 1 1 1 1 1 1 0 1 1 1 1 1 1 1 1 1 1 1 1 1
 1 1 1 1 1 1 1 1 1 1 1 1 1 1 1 1 1 1 1]
Objectifs : [56.06060606060607, 48]
Rang : 2

Individu : [1 0 0 1 0 1 1 0 1 1 1 1 1 0 1 1 1 1 0 1 1 1 1 0 1 1 1 0 1 1 1 1 1 1 1 0 1
 1 1 1 1 1 1 1 1 1 1 1 1 1 1 1 1 1 1 1]
Objectifs : [55.757575757575765, 47]
Rang : 2

Individu : [1 0 0 1 0 0 1 1 1 1 1 1 0 0 1 0 1 0 1 0 1 0 0 1 0 1 0 1 0 0 1 1 1 1 1 1 1
 1 0 0 1 0 1 1 1 1 1 1 1 1 1 1 1 1 1 1]
Objectifs : [46.96969696969697, 38]
Rang : 2

Individu : [0 1 1 1 0 1 1 0 0 1 1 1 1 1 1 1 1 1 1 1 0 1 1 1 1 1 1 1 1 1 1 1 1 1 1 1 1
 1 1 1 1 1 1 1 1 1 1 1 1 1 1 1 1 1 1 1]
Objectifs : [33.93939393939394, 51]
Rang : 2

Individu : [0 1 1 0 0 0 0 1 0 1 1 1 1 0 1 1 1 1 1 1 1 1 1 1 1 1 1 1 1 1 1 1 1 1 0 1 1
 1 1 1 0 1 1 1 0 1 1 1 1 1 1 1 1 1 1 1]
Objectifs : [43.333333333333336, 46]
Rang : 2

Individu : [0 1 1 1 1 1 0 1 1 1 1 1 1 1 1 1 1 1 1 1 1 1 0 0 1 1 1 1 1 1 1 1 1 0 1 1 1
 1 1 1 1 1 1 1 1 1 1 1 1 1 1 1 1 1 1 1]
Objectifs : [33.93939393939394, 51]
Rang : 2

Individu : [1 0 1 0 0 0 1 1 1 0 0 1 1 0 0 0 1 1 1 1 1 0 1 1 1 1 1 1 1 1 1 1 1 1 0 1 1
 0 1 1 1 1 1 1 1 1 1 1 1 0 1 1 1 1 1 1]
Objectifs : [46.666666666666664, 43]
Rang : 2

