Résultats pour la méthode 2:

Individu : [0 0 1 1 0 0 0 0 0 0 0 0 0 0 0 0 0 0 0 0 0 0 0 0 0 0 0 0 0 0 0 0 0 0]
Objectifs : [13.454782695975108, 2]
Rang : 1

Individu : [0 0 1 1 0 0 0 0 0 0 0 0 0 0 0 0 0 0 0 0 0 0 0 0 0 0 0 0 0 0 0 0 0 0]
Objectifs : [13.454782695975108, 2]
Rang : 1

Individu : [0 0 1 1 0 0 0 0 0 0 0 0 0 0 0 0 0 0 0 0 0 0 0 0 0 0 0 0 0 0 0 0 0 0]
Objectifs : [13.454782695975108, 2]
Rang : 1

Individu : [0 0 1 1 0 0 0 0 0 0 0 0 0 0 0 0 0 0 0 0 0 0 0 0 0 0 0 0 0 0 0 0 0 0]
Objectifs : [13.454782695975108, 2]
Rang : 1

Individu : [0 0 1 1 0 0 0 0 0 0 0 0 0 0 0 0 0 0 0 0 0 0 0 0 0 0 0 0 0 0 0 0 0 0]
Objectifs : [13.454782695975108, 2]
Rang : 1

Individu : [0 0 1 1 0 0 0 0 0 0 0 0 0 0 0 0 0 0 0 0 0 0 0 0 0 0 0 0 0 0 0 0 0 0]
Objectifs : [13.454782695975108, 2]
Rang : 1

Individu : [0 0 1 1 0 0 0 0 0 0 0 0 0 0 0 0 0 0 0 0 0 0 0 0 0 0 0 0 0 0 0 0 0 0]
Objectifs : [13.454782695975108, 2]
Rang : 1

Individu : [0 0 1 1 0 0 0 0 0 0 0 0 0 0 0 0 0 0 0 0 0 0 0 0 0 0 0 0 0 0 0 0 0 0]
Objectifs : [13.454782695975108, 2]
Rang : 1

Individu : [0 1 1 1 0 1 0 0 0 0 0 0 0 0 0 0 0 0 0 0 0 0 0 0 0 0 0 0 0 0 0 0 0 0]
Objectifs : [8.978219411823748, 4]
Rang : 1

Individu : [0 0 1 1 0 0 0 0 0 0 0 0 0 0 0 0 0 0 0 0 0 0 0 0 0 0 0 0 0 0 0 0 0 0]
Objectifs : [13.454782695975108, 2]
Rang : 1

Individu : [0 1 1 1 0 1 0 0 0 0 0 0 0 0 0 0 0 0 0 0 0 0 0 0 0 0 0 0 0 0 0 0 0 0]
Objectifs : [8.978219411823748, 4]
Rang : 1

Individu : [0 0 1 1 0 0 0 0 0 0 0 0 0 0 0 0 0 0 0 0 0 0 0 0 0 0 0 0 0 0 0 0 0 0]
Objectifs : [13.454782695975108, 2]
Rang : 1

Individu : [0 1 1 1 0 1 0 0 0 0 0 0 0 0 0 0 0 0 0 0 0 0 0 0 0 0 0 0 0 0 0 0 0 0]
Objectifs : [8.978219411823748, 4]
Rang : 1

Individu : [0 0 0 1 0 0 1 1 0 0 0 0 0 0 0 0 0 0 0 0 0 0 0 0 0 0 0 0 0 0 0 0 0 0]
Objectifs : [9.79122754190505, 3]
Rang : 1

Individu : [0 0 1 1 0 0 0 0 0 0 0 0 0 0 0 0 0 0 0 0 0 0 0 0 0 0 0 0 0 0 0 0 0 0]
Objectifs : [13.454782695975108, 2]
Rang : 1

Individu : [0 1 1 1 0 1 0 0 0 0 0 0 0 0 0 0 0 0 0 0 0 0 0 0 0 0 0 0 0 0 0 0 0 0]
Objectifs : [8.978219411823748, 4]
Rang : 1

Individu : [0 0 0 1 0 0 1 1 0 0 0 0 0 0 0 0 0 0 0 0 0 0 0 0 0 0 0 0 0 0 0 0 0 0]
Objectifs : [9.79122754190505, 3]
Rang : 1

Individu : [0 0 1 1 0 0 0 0 0 0 0 0 0 0 0 0 0 0 0 0 0 0 0 0 0 0 0 0 0 0 0 0 0 0]
Objectifs : [13.454782695975108, 2]
Rang : 1

Individu : [0 1 1 1 0 1 0 0 0 0 0 0 0 0 0 0 0 0 0 0 0 0 0 0 0 0 0 0 0 0 0 0 0 0]
Objectifs : [8.978219411823748, 4]
Rang : 1

Individu : [0 0 0 1 0 0 1 1 0 0 0 0 0 0 0 0 0 0 0 0 0 0 0 0 0 0 0 0 0 0 0 0 0 0]
Objectifs : [9.79122754190505, 3]
Rang : 1

Individu : [0 0 1 1 0 0 0 0 0 0 0 0 0 0 0 0 0 0 0 0 0 0 0 0 0 0 0 0 0 0 0 0 0 0]
Objectifs : [13.454782695975108, 2]
Rang : 1

Individu : [0 1 1 1 0 1 0 0 0 0 0 0 0 0 0 0 0 0 0 0 0 0 0 0 0 0 0 0 0 0 0 0 0 0]
Objectifs : [8.978219411823748, 4]
Rang : 1

Individu : [0 0 0 1 0 0 1 1 0 0 0 0 0 0 0 0 0 0 0 0 0 0 0 0 0 0 0 0 0 0 0 0 0 0]
Objectifs : [9.79122754190505, 3]
Rang : 1

Individu : [0 0 1 1 0 0 0 0 0 0 0 0 0 0 0 0 0 0 0 0 0 0 0 0 0 0 0 0 0 0 0 0 0 0]
Objectifs : [13.454782695975108, 2]
Rang : 1

Individu : [0 1 1 1 0 1 0 0 0 0 0 0 0 0 0 0 0 0 0 0 0 0 0 0 0 0 0 0 0 0 0 0 0 0]
Objectifs : [8.978219411823748, 4]
Rang : 1

Individu : [0 0 0 1 0 0 1 1 0 0 0 0 0 0 0 0 0 0 0 0 0 0 0 0 0 0 0 0 0 0 0 0 0 0]
Objectifs : [9.79122754190505, 3]
Rang : 1

Individu : [0 0 1 1 0 0 0 0 0 0 0 0 0 0 0 0 0 0 0 0 0 0 0 0 0 0 0 0 0 0 0 0 0 0]
Objectifs : [13.454782695975108, 2]
Rang : 1

Individu : [0 1 1 1 0 1 0 0 0 0 0 0 0 0 0 0 0 0 0 0 0 0 0 0 0 0 0 0 0 0 0 0 0 0]
Objectifs : [8.978219411823748, 4]
Rang : 1

Individu : [0 0 0 1 0 0 1 1 0 0 0 0 0 0 0 0 0 0 0 0 0 0 0 0 0 0 0 0 0 0 0 0 0 0]
Objectifs : [9.79122754190505, 3]
Rang : 1

Individu : [0 0 1 1 0 0 0 0 0 0 0 0 0 0 0 0 0 0 0 0 0 0 0 0 0 0 0 0 0 0 0 0 0 0]
Objectifs : [13.454782695975108, 2]
Rang : 1

Individu : [0 1 1 1 0 1 0 0 0 0 0 0 0 0 0 0 0 0 0 0 0 0 0 0 0 0 0 0 0 0 0 0 0 0]
Objectifs : [8.978219411823748, 4]
Rang : 1

Individu : [0 0 0 1 0 0 1 1 0 0 0 0 0 0 0 0 0 0 0 0 0 0 0 0 0 0 0 0 0 0 0 0 0 0]
Objectifs : [9.79122754190505, 3]
Rang : 1

Individu : [0 0 0 1 0 0 0 0 0 0 0 0 0 0 0 0 0 0 0 0 0 0 0 0 0 0 0 0 0 0 0 0 0 0]
Objectifs : [18.769446953728796, 1]
Rang : 1

Individu : [0 1 1 1 1 0 0 0 0 0 0 0 0 1 0 0 0 0 0 0 0 0 0 0 0 0 0 0 0 0 0 0 0 0]
Objectifs : [8.566696778078892, 5]
Rang : 1

Individu : [0 0 1 1 0 0 0 0 0 0 0 0 0 0 0 0 0 0 0 0 0 0 0 0 0 0 0 0 0 0 0 0 0 0]
Objectifs : [13.454782695975108, 2]
Rang : 1

Individu : [0 1 1 1 0 1 0 0 0 0 0 0 0 0 0 0 0 0 0 0 0 0 0 0 0 0 0 0 0 0 0 0 0 0]
Objectifs : [8.978219411823748, 4]
Rang : 1

Individu : [0 0 0 1 0 0 1 1 0 0 0 0 0 0 0 0 0 0 0 0 0 0 0 0 0 0 0 0 0 0 0 0 0 0]
Objectifs : [9.79122754190505, 3]
Rang : 1

Individu : [0 0 0 1 0 0 0 0 0 0 0 0 0 0 0 0 0 0 0 0 0 0 0 0 0 0 0 0 0 0 0 0 0 0]
Objectifs : [18.769446953728796, 1]
Rang : 1

Individu : [0 1 1 1 1 0 0 0 0 0 0 0 0 1 0 0 0 0 0 0 0 0 0 0 0 0 0 0 0 0 0 0 0 0]
Objectifs : [8.566696778078892, 5]
Rang : 1

Individu : [1 0 1 1 1 0 0 1 0 0 1 0 0 0 0 0 0 0 0 0 0 0 0 0 0 0 0 0 0 0 0 0 0 0]
Objectifs : [8.59178962159992, 6]
Rang : 1

Individu : [0 0 1 1 0 0 0 0 0 0 0 0 0 0 0 0 0 0 0 0 0 0 0 0 0 0 0 0 0 0 0 0 0 0]
Objectifs : [13.454782695975108, 2]
Rang : 1

Individu : [0 1 1 1 0 1 0 0 0 0 0 0 0 0 0 0 0 0 0 0 0 0 0 0 0 0 0 0 0 0 0 0 0 0]
Objectifs : [8.978219411823748, 4]
Rang : 1

Individu : [0 0 0 1 0 0 1 1 0 0 0 0 0 0 0 0 0 0 0 0 0 0 0 0 0 0 0 0 0 0 0 0 0 0]
Objectifs : [9.79122754190505, 3]
Rang : 1

Individu : [0 0 0 1 0 0 0 0 0 0 0 0 0 0 0 0 0 0 0 0 0 0 0 0 0 0 0 0 0 0 0 0 0 0]
Objectifs : [18.769446953728796, 1]
Rang : 1

Individu : [0 1 1 1 1 0 0 0 0 0 0 0 0 1 0 0 0 0 0 0 0 0 0 0 0 0 0 0 0 0 0 0 0 0]
Objectifs : [8.566696778078892, 5]
Rang : 1

Individu : [0 0 0 0 0 0 0 1 0 0 0 0 0 0 0 0 0 0 0 0 0 0 0 0 0 0 0 0 0 0 0 0 0 0]
Objectifs : [21.619993977717552, 1]
Rang : 1

Individu : [0 0 1 1 0 0 0 0 0 0 0 0 0 0 0 0 0 0 0 0 0 0 0 0 0 0 0 0 0 0 0 0 0 0]
Objectifs : [13.454782695975108, 2]
Rang : 1

Individu : [0 1 1 1 0 1 0 0 0 0 0 0 0 0 0 0 0 0 0 0 0 0 0 0 0 0 0 0 0 0 0 0 0 0]
Objectifs : [8.978219411823748, 4]
Rang : 1

Individu : [0 0 0 1 0 0 1 1 0 0 0 0 0 0 0 0 0 0 0 0 0 0 0 0 0 0 0 0 0 0 0 0 0 0]
Objectifs : [9.79122754190505, 3]
Rang : 1

Individu : [0 0 0 1 0 0 0 0 0 0 0 0 0 0 0 0 0 0 0 0 0 0 0 0 0 0 0 0 0 0 0 0 0 0]
Objectifs : [18.769446953728796, 1]
Rang : 1

Individu : [0 1 1 1 1 0 0 0 0 0 0 0 0 1 0 0 0 0 0 0 0 0 0 0 0 0 0 0 0 0 0 0 0 0]
Objectifs : [8.566696778078892, 5]
Rang : 1

Individu : [1 0 0 1 0 0 0 1 0 0 1 0 1 0 0 0 0 0 0 0 0 0 0 0 0 0 0 0 0 0 0 0 0 0]
Objectifs : [11.452373782997089, 5]
Rang : 1

Individu : [0 0 1 1 0 0 0 0 0 0 0 0 0 0 0 0 0 0 0 0 0 0 0 0 0 0 0 0 0 0 0 0 0 0]
Objectifs : [13.454782695975108, 2]
Rang : 1

Individu : [0 1 1 1 0 1 0 0 0 0 0 0 0 0 0 0 0 0 0 0 0 0 0 0 0 0 0 0 0 0 0 0 0 0]
Objectifs : [8.978219411823748, 4]
Rang : 1

Individu : [0 0 0 1 0 0 1 1 0 0 0 0 0 0 0 0 0 0 0 0 0 0 0 0 0 0 0 0 0 0 0 0 0 0]
Objectifs : [9.79122754190505, 3]
Rang : 1

Individu : [0 0 0 1 0 0 0 0 0 0 0 0 0 0 0 0 0 0 0 0 0 0 0 0 0 0 0 0 0 0 0 0 0 0]
Objectifs : [18.769446953728796, 1]
Rang : 1

Individu : [0 1 1 1 1 0 0 0 0 0 0 0 0 1 0 0 0 0 0 0 0 0 0 0 0 0 0 0 0 0 0 0 0 0]
Objectifs : [8.566696778078892, 5]
Rang : 1

Individu : [0 0 0 0 1 0 0 0 0 1 0 0 0 0 0 0 0 0 0 0 0 0 0 0 0 0 0 0 0 0 0 0 0 0]
Objectifs : [14.277827963464821, 2]
Rang : 1

Individu : [0 0 1 0 0 0 0 1 0 0 0 0 0 0 0 0 0 0 0 0 0 0 0 0 0 0 0 0 0 0 0 0 0 0]
Objectifs : [14.287865100873232, 2]
Rang : 1

Individu : [0 0 1 0 0 0 0 0 0 0 0 0 0 1 0 0 0 0 0 0 0 0 0 0 0 0 0 0 0 0 0 0 0 0]
Objectifs : [15.908862792331627, 2]
Rang : 1

Individu : [0 0 1 0 0 0 0 0 0 0 0 0 0 0 0 1 0 0 0 0 0 0 0 0 0 0 0 0 0 0 0 0 0 0]
Objectifs : [15.913881361035834, 2]
Rang : 1

Individu : [0 0 1 0 1 0 0 0 0 0 0 0 0 0 0 0 0 0 0 0 0 0 0 0 0 0 0 0 0 0 0 0 0 0]
Objectifs : [16.3354411321891, 2]
Rang : 1

Individu : [1 0 1 1 1 0 0 1 0 0 1 0 0 0 0 0 0 0 0 0 0 0 0 0 0 0 0 0 0 0 0 0 0 0]
Objectifs : [8.59178962159992, 6]
Rang : 1

Individu : [1 0 1 0 0 1 0 1 0 0 0 0 1 0 0 0 0 0 0 0 0 0 0 0 0 0 0 0 0 0 0 0 0 0]
Objectifs : [9.389742045568603, 5]
Rang : 1

Individu : [0 0 1 1 1 0 0 0 0 0 0 0 0 0 0 0 0 0 0 0 0 0 0 0 0 0 0 0 0 0 0 0 0 0]
Objectifs : [9.806283248017666, 3]
Rang : 1

Individu : [0 0 1 1 1 0 0 1 0 1 0 0 0 0 0 0 0 0 0 0 0 1 0 0 0 0 0 0 0 0 0 0 0 0]
Objectifs : [9.389742045568603, 6]
Rang : 1

Individu : [0 0 1 1 0 0 0 0 0 0 0 1 0 0 0 0 0 0 0 0 0 0 0 0 0 0 0 0 0 0 0 0 0 0]
Objectifs : [11.8237478671083, 3]
Rang : 1

Individu : [1 0 0 0 0 0 1 1 0 0 0 0 0 0 0 0 0 0 0 0 0 0 0 0 0 0 0 0 0 0 0 0 0 0]
Objectifs : [12.646793134598013, 3]
Rang : 1

Individu : [1 0 0 0 1 0 0 0 0 0 0 0 0 0 0 0 0 0 0 0 0 0 0 0 0 0 0 0 0 0 0 0 0 0]
Objectifs : [16.711833785004515, 2]
Rang : 1

Individu : [0 1 1 1 0 0 0 1 0 0 0 0 0 0 0 0 0 0 0 0 0 0 0 0 0 0 0 0 0 0 0 0 0 0]
Objectifs : [9.801264679313459, 4]
Rang : 1

Individu : [0 1 0 1 0 0 0 0 0 0 0 0 0 0 0 0 0 0 0 0 0 0 0 0 0 0 0 0 0 0 0 0 0 0]
Objectifs : [18.769446953728796, 2]
Rang : 1

Individu : [1 0 0 1 0 0 0 0 0 0 0 0 0 0 0 0 0 0 0 0 0 0 0 0 0 0 0 0 0 0 0 0 0 0]
Objectifs : [18.769446953728796, 2]
Rang : 1

Individu : [1 0 1 0 0 0 0 1 0 0 0 0 0 0 0 0 0 0 0 0 0 0 0 0 0 0 0 0 0 0 0 0 0 0]
Objectifs : [13.058315768342869, 3]
Rang : 1

Individu : [1 0 0 1 0 0 1 1 0 0 0 0 0 1 0 0 0 0 0 0 0 0 0 0 0 0 0 0 0 0 0 0 0 0]
Objectifs : [9.786208973200845, 5]
Rang : 1

Individu : [0 1 1 1 1 0 0 0 0 0 0 0 0 0 0 0 0 0 0 0 0 0 0 0 0 0 0 0 0 0 0 0 0 0]
Objectifs : [9.806283248017666, 4]
Rang : 1

Individu : [1 0 0 1 0 0 0 0 0 0 0 0 1 0 0 0 0 0 0 0 0 0 0 0 0 0 0 0 0 0 0 0 0 0]
Objectifs : [13.063334337047076, 3]
Rang : 1

Individu : [1 0 1 1 0 0 0 0 0 0 0 0 0 0 0 0 0 0 0 0 0 0 0 0 0 0 0 0 0 0 0 0 0 0]
Objectifs : [13.454782695975108, 3]
Rang : 1

Individu : [1 0 1 0 0 0 0 0 0 0 0 0 0 0 0 0 0 0 0 0 0 0 1 0 0 0 0 0 0 0 0 0 0 0]
Objectifs : [13.454782695975108, 3]
Rang : 1

Individu : [0 0 0 0 0 1 0 0 0 0 0 0 0 0 0 0 0 0 0 0 0 0 0 0 0 0 0 0 0 0 0 0 0 0]
Objectifs : [19.206062430994685, 1]
Rang : 1

Individu : [0 0 1 0 0 1 1 1 0 0 0 0 0 0 0 0 0 0 0 0 0 0 0 0 0 0 0 0 0 0 0 0 0 0]
Objectifs : [10.20776874435411, 4]
Rang : 1

Individu : [0 1 1 1 0 0 0 0 0 0 0 0 0 0 0 0 0 0 0 0 0 0 0 0 0 0 0 0 0 0 0 0 0 0]
Objectifs : [13.454782695975108, 3]
Rang : 1

Individu : [0 0 0 0 0 0 0 0 1 0 0 0 0 0 0 0 0 0 0 0 0 0 0 0 0 0 0 0 0 0 0 0 0 0]
Objectifs : [23.68262571514604, 1]
Rang : 1

Individu : [1 0 0 0 1 0 0 0 0 0 0 0 0 0 0 0 0 0 1 0 0 0 0 0 0 0 0 0 0 0 0 0 0 0]
Objectifs : [13.459801264679314, 3]
Rang : 1

Individu : [1 0 0 1 0 1 1 0 0 0 0 0 0 0 0 1 0 0 0 0 0 0 0 0 0 0 0 0 0 0 0 0 0 0]
Objectifs : [9.79122754190505, 5]
Rang : 1

Individu : [0 1 0 0 0 1 0 0 0 0 0 0 0 0 0 0 0 0 0 0 0 0 0 0 0 0 0 0 0 0 0 0 0 0]
Objectifs : [19.206062430994685, 2]
Rang : 1

Individu : [1 0 0 0 1 0 0 0 0 0 0 0 0 0 0 0 0 0 0 0 0 0 0 0 0 0 0 1 0 0 0 0 0 0]
Objectifs : [13.861286761015759, 3]
Rang : 1

Individu : [1 0 1 0 0 0 0 0 0 0 0 0 0 0 0 0 0 0 0 0 0 0 0 0 0 0 0 0 0 0 0 0 0 0]
Objectifs : [20.375388939074575, 2]
Rang : 1

Individu : [0 1 0 0 1 0 0 1 0 0 0 0 0 0 0 0 0 0 0 0 0 0 0 0 0 0 0 0 0 0 0 0 0 0]
Objectifs : [13.866305329719966, 3]
Rang : 1

Individu : [0 1 0 0 1 0 0 0 0 1 0 0 0 0 0 0 0 0 0 0 0 0 0 0 0 0 0 0 0 0 0 0 0 0]
Objectifs : [14.277827963464821, 3]
Rang : 1

Individu : [1 0 1 1 1 0 0 0 0 0 0 0 0 0 0 0 0 0 0 0 0 0 0 0 0 0 0 0 0 0 0 0 0 0]
Objectifs : [10.61427280939476, 4]
Rang : 1

Individu : [1 0 1 0 1 0 0 0 0 0 0 0 0 0 0 0 0 0 0 0 0 0 0 0 0 0 0 0 0 0 0 0 0 0]
Objectifs : [15.11592893706715, 3]
Rang : 1

Individu : [1 0 1 1 0 1 0 0 0 1 0 0 0 0 0 0 0 0 0 0 0 0 0 0 0 0 0 0 0 0 0 0 0 0]
Objectifs : [10.609254240690554, 5]
Rang : 1

Individu : [0 0 0 0 0 0 1 0 0 0 0 0 0 0 0 0 0 0 0 0 0 0 0 0 0 0 0 0 0 0 0 0 0 0]
Objectifs : [24.074074074074073, 1]
Rang : 1

Individu : [0 1 0 0 0 0 0 0 0 0 0 0 0 0 0 0 0 0 0 0 1 0 0 0 0 0 0 0 0 0 0 0 0 0]
Objectifs : [20.4004817825956, 2]
Rang : 1

Individu : [1 0 0 0 1 0 0 0 1 0 0 0 0 0 0 0 0 0 0 0 0 0 0 0 0 0 0 0 0 0 0 0 0 0]
Objectifs : [16.310348288668074, 3]
Rang : 1

Individu : [0 0 1 0 0 0 1 0 1 0 0 0 0 0 0 0 0 0 0 0 0 0 0 0 0 0 0 0 0 0 0 0 0 0]
Objectifs : [17.138412124861986, 3]
Rang : 1

Individu : [0 1 1 1 0 0 0 1 0 0 0 0 1 0 0 1 0 0 0 0 0 0 0 0 0 0 0 0 0 0 0 0 0 0]
Objectifs : [10.22784301917093, 6]
Rang : 1

Individu : [1 1 0 0 0 0 0 1 0 0 0 0 0 0 0 0 0 0 0 0 0 0 0 0 0 0 0 0 0 0 0 0 0 0]
Objectifs : [20.806985847636252, 3]
Rang : 1

Individu : [1 0 1 1 0 0 0 0 0 0 1 0 0 0 0 0 0 0 0 0 0 0 0 0 0 0 0 0 0 0 0 0 0 0]
Objectifs : [11.020776874435413, 4]
Rang : 1

Individu : [1 0 0 0 0 1 1 0 0 0 0 0 0 0 0 0 0 0 0 1 0 0 0 0 0 0 0 0 0 1 0 0 0 0]
Objectifs : [17.539897621198435, 5]
Rang : 1

