Résultats pour la méthode 3:

Individu : [0 1 0 0 1 0 0 1 0 0 0 0 0 0 0 0 0 1 0 0 0 0 0 0 0 0 0 0 0 0 0 0 0 0 0 0]
Objectifs : [15.883223228274106, 4]
Rang : 1

Individu : [0 0 0 0 0 0 0 0 0 1 0 0 0 1 0 1 1 1 0 0 0 0 1 1 0 0 1 0 0 0 0 0 0 0 0 0]
Objectifs : [12.2100436994054, 8]
Rang : 1

Individu : [0 1 0 0 1 0 0 1 0 0 0 0 0 0 0 0 0 1 0 0 0 0 0 0 0 0 0 0 0 0 0 0 0 0 0 0]
Objectifs : [15.883223228274106, 4]
Rang : 1

Individu : [0 0 0 0 0 0 0 0 0 1 0 0 0 1 0 1 1 1 0 0 0 0 1 1 0 0 1 0 0 0 0 0 0 0 0 0]
Objectifs : [12.2100436994054, 8]
Rang : 1

Individu : [0 1 0 0 1 0 0 1 0 0 0 0 0 0 0 0 0 1 0 0 0 0 0 0 0 0 0 0 0 0 0 0 0 0 0 0]
Objectifs : [15.883223228274106, 4]
Rang : 1

Individu : [0 0 0 0 0 0 0 0 0 1 0 0 0 1 0 1 1 1 0 0 0 0 1 1 0 0 1 0 0 0 0 0 0 0 0 0]
Objectifs : [12.2100436994054, 8]
Rang : 1

Individu : [0 0 0 0 1 1 0 1 0 0 0 0 0 0 0 0 1 0 0 0 0 0 0 0 0 1 0 0 0 0 0 0 0 0 0 0]
Objectifs : [14.593981754018756, 5]
Rang : 1

Individu : [0 1 0 0 1 0 0 1 0 0 0 0 0 0 0 0 0 1 0 0 0 0 0 0 0 0 0 0 0 0 0 0 0 0 0 0]
Objectifs : [15.883223228274106, 4]
Rang : 1

Individu : [0 0 0 0 0 0 0 0 0 1 0 0 0 1 0 1 1 1 0 0 0 0 1 1 0 0 1 0 0 0 0 0 0 0 0 0]
Objectifs : [12.2100436994054, 8]
Rang : 1

Individu : [0 0 0 0 1 1 0 1 0 0 0 0 0 0 0 0 1 0 0 0 0 0 0 0 0 1 0 0 0 0 0 0 0 0 0 0]
Objectifs : [14.593981754018756, 5]
Rang : 1

Individu : [1 0 0 0 0 0 0 0 0 0 0 0 0 0 0 0 0 1 0 0 0 0 0 1 0 0 0 1 1 0 0 0 0 0 0 1]
Objectifs : [12.983208589129033, 6]
Rang : 1

Individu : [0 1 0 0 1 0 0 1 0 0 0 0 0 0 0 0 0 1 0 0 0 0 0 0 0 0 0 0 0 0 0 0 0 0 0 0]
Objectifs : [15.883223228274106, 4]
Rang : 1

Individu : [0 0 0 0 0 0 0 0 0 1 0 0 0 1 0 1 1 1 0 0 0 0 1 1 0 0 1 0 0 0 0 0 0 0 0 0]
Objectifs : [12.2100436994054, 8]
Rang : 1

Individu : [0 0 0 0 1 1 0 1 0 0 0 0 0 0 0 0 1 0 0 0 0 0 0 0 0 1 0 0 0 0 0 0 0 0 0 0]
Objectifs : [14.593981754018756, 5]
Rang : 1

Individu : [1 0 0 0 0 0 0 0 0 0 0 0 0 0 0 0 0 1 0 0 0 0 0 1 0 0 0 1 1 0 0 0 0 0 0 1]
Objectifs : [12.983208589129033, 6]
Rang : 1

Individu : [0 1 0 0 1 0 0 1 0 0 0 0 0 0 0 0 0 1 0 0 0 0 0 0 0 0 0 0 0 0 0 0 0 0 0 0]
Objectifs : [15.883223228274106, 4]
Rang : 1

Individu : [0 0 0 0 0 0 0 0 0 1 0 0 0 1 0 1 1 1 0 0 0 0 1 1 0 0 1 0 0 0 0 0 0 0 0 0]
Objectifs : [12.2100436994054, 8]
Rang : 1

Individu : [0 0 0 0 1 1 0 1 0 0 0 0 0 0 0 0 1 0 0 0 0 0 0 0 0 1 0 0 0 0 0 0 0 0 0 0]
Objectifs : [14.593981754018756, 5]
Rang : 1

Individu : [1 0 0 0 0 0 0 0 0 0 0 0 0 0 0 0 0 1 0 0 0 0 0 1 0 0 0 1 1 0 0 0 0 0 0 1]
Objectifs : [12.983208589129033, 6]
Rang : 1

Individu : [1 0 0 1 0 0 0 0 0 1 0 0 0 0 0 0 0 1 0 0 1 0 0 1 0 1 0 0 1 0 0 1 0 0 0 0]
Objectifs : [11.404548102050414, 9]
Rang : 1

Individu : [0 1 0 0 1 0 0 1 0 0 0 0 0 0 0 0 0 1 0 0 0 0 0 0 0 0 0 0 0 0 0 0 0 0 0 0]
Objectifs : [15.883223228274106, 4]
Rang : 1

Individu : [0 0 0 0 0 0 0 0 0 1 0 0 0 1 0 1 1 1 0 0 0 0 1 1 0 0 1 0 0 0 0 0 0 0 0 0]
Objectifs : [12.2100436994054, 8]
Rang : 1

Individu : [0 0 0 0 1 1 0 1 0 0 0 0 0 0 0 0 1 0 0 0 0 0 0 0 0 1 0 0 0 0 0 0 0 0 0 0]
Objectifs : [14.593981754018756, 5]
Rang : 1

Individu : [1 0 0 0 0 0 0 0 0 0 0 0 0 0 0 0 0 1 0 0 0 0 0 1 0 0 0 1 1 0 0 0 0 0 0 1]
Objectifs : [12.983208589129033, 6]
Rang : 1

Individu : [1 0 0 1 0 0 0 0 0 1 0 0 0 0 0 0 0 1 0 0 1 0 0 1 0 1 0 0 1 0 0 1 0 0 0 0]
Objectifs : [11.404548102050414, 9]
Rang : 1

Individu : [0 1 0 0 1 0 0 1 0 1 1 0 1 1 1 0 0 0 0 0 0 1 0 1 0 1 0 0 0 1 0 0 1 0 0 0]
Objectifs : [10.599145946046963, 13]
Rang : 1

Individu : [0 1 0 0 1 0 0 1 0 0 0 0 0 0 0 0 0 1 0 0 0 0 0 0 0 0 0 0 0 0 0 0 0 0 0 0]
Objectifs : [15.883223228274106, 4]
Rang : 1

Individu : [0 0 0 0 0 0 0 0 0 1 0 0 0 1 0 1 1 1 0 0 0 0 1 1 0 0 1 0 0 0 0 0 0 0 0 0]
Objectifs : [12.2100436994054, 8]
Rang : 1

Individu : [0 0 0 0 1 1 0 1 0 0 0 0 0 0 0 0 1 0 0 0 0 0 0 0 0 1 0 0 0 0 0 0 0 0 0 0]
Objectifs : [14.593981754018756, 5]
Rang : 1

Individu : [1 0 0 0 0 0 0 0 0 0 0 0 0 0 0 0 0 1 0 0 0 0 0 1 0 0 0 1 1 0 0 0 0 0 0 1]
Objectifs : [12.983208589129033, 6]
Rang : 1

Individu : [1 0 0 1 0 0 0 0 0 1 0 0 0 0 0 0 0 1 0 0 1 0 0 1 0 1 0 0 1 0 0 1 0 0 0 0]
Objectifs : [11.404548102050414, 9]
Rang : 1

Individu : [0 1 0 0 1 0 0 1 0 1 1 0 1 1 1 0 0 0 0 0 0 1 0 1 0 1 0 0 0 1 0 0 1 0 0 0]
Objectifs : [10.599145946046963, 13]
Rang : 1

Individu : [0 1 0 0 1 0 0 1 0 0 0 0 0 0 0 0 0 1 0 0 0 0 0 0 0 0 0 0 0 0 0 0 0 0 0 0]
Objectifs : [15.883223228274106, 4]
Rang : 1

Individu : [0 0 0 0 0 0 0 0 0 1 0 0 0 1 0 1 1 1 0 0 0 0 1 1 0 0 1 0 0 0 0 0 0 0 0 0]
Objectifs : [12.2100436994054, 8]
Rang : 1

Individu : [0 0 0 0 1 1 0 1 0 0 0 0 0 0 0 0 1 0 0 0 0 0 0 0 0 1 0 0 0 0 0 0 0 0 0 0]
Objectifs : [14.593981754018756, 5]
Rang : 1

Individu : [1 0 0 0 0 0 0 0 0 0 0 0 0 0 0 0 0 1 0 0 0 0 0 1 0 0 0 1 1 0 0 0 0 0 0 1]
Objectifs : [12.983208589129033, 6]
Rang : 1

Individu : [1 0 0 1 0 0 0 0 0 1 0 0 0 0 0 0 0 1 0 0 1 0 0 1 0 1 0 0 1 0 0 1 0 0 0 0]
Objectifs : [11.404548102050414, 9]
Rang : 1

Individu : [0 1 0 0 1 0 0 1 0 1 1 0 1 1 1 0 0 0 0 0 0 1 0 1 0 1 0 0 0 1 0 0 1 0 0 0]
Objectifs : [10.599145946046963, 13]
Rang : 1

Individu : [0 0 0 1 0 0 0 0 0 0 0 0 0 0 0 0 0 0 0 0 0 0 0 0 0 0 0 0 0 0 0 0 0 0 0 0]
Objectifs : [49.54908318460585, 1]
Rang : 1

Individu : [0 1 0 0 1 0 0 1 0 0 0 0 0 0 0 0 0 1 0 0 0 0 0 0 0 0 0 0 0 0 0 0 0 0 0 0]
Objectifs : [15.883223228274106, 4]
Rang : 1

Individu : [0 0 0 0 0 0 0 0 0 1 0 0 0 1 0 1 1 1 0 0 0 0 1 1 0 0 1 0 0 0 0 0 0 0 0 0]
Objectifs : [12.2100436994054, 8]
Rang : 1

Individu : [0 0 0 0 1 1 0 1 0 0 0 0 0 0 0 0 1 0 0 0 0 0 0 0 0 1 0 0 0 0 0 0 0 0 0 0]
Objectifs : [14.593981754018756, 5]
Rang : 1

Individu : [1 0 0 0 0 0 0 0 0 0 0 0 0 0 0 0 0 1 0 0 0 0 0 1 0 0 0 1 1 0 0 0 0 0 0 1]
Objectifs : [12.983208589129033, 6]
Rang : 1

Individu : [1 0 0 1 0 0 0 0 0 1 0 0 0 0 0 0 0 1 0 0 1 0 0 1 0 1 0 0 1 0 0 1 0 0 0 0]
Objectifs : [11.404548102050414, 9]
Rang : 1

Individu : [0 1 0 0 1 0 0 1 0 1 1 0 1 1 1 0 0 0 0 0 0 1 0 1 0 1 0 0 0 1 0 0 1 0 0 0]
Objectifs : [10.599145946046963, 13]
Rang : 1

Individu : [0 0 0 1 0 0 0 0 0 0 0 0 0 0 0 0 0 0 0 0 0 0 0 0 0 0 0 0 0 0 0 0 0 0 0 0]
Objectifs : [49.54908318460585, 1]
Rang : 1

Individu : [0 0 0 0 0 1 0 1 1 0 0 1 1 1 0 0 0 0 0 0 0 1 0 0 0 0 1 0 0 1 0 0 0 0 0 1]
Objectifs : [10.824775662888522, 10]
Rang : 1

Individu : [0 1 0 0 1 0 0 1 0 0 0 0 0 0 0 0 0 1 0 0 0 0 0 0 0 0 0 0 0 0 0 0 0 0 0 0]
Objectifs : [15.883223228274106, 4]
Rang : 1

Individu : [0 0 0 0 0 0 0 0 0 1 0 0 0 1 0 1 1 1 0 0 0 0 1 1 0 0 1 0 0 0 0 0 0 0 0 0]
Objectifs : [12.2100436994054, 8]
Rang : 1

Individu : [0 0 0 0 1 1 0 1 0 0 0 0 0 0 0 0 1 0 0 0 0 0 0 0 0 1 0 0 0 0 0 0 0 0 0 0]
Objectifs : [14.593981754018756, 5]
Rang : 1

Individu : [1 0 0 0 0 0 0 0 0 0 0 0 0 0 0 0 0 1 0 0 0 0 0 1 0 0 0 1 1 0 0 0 0 0 0 1]
Objectifs : [12.983208589129033, 6]
Rang : 1

Individu : [1 0 0 1 0 0 0 0 0 1 0 0 0 0 0 0 0 1 0 0 1 0 0 1 0 1 0 0 1 0 0 1 0 0 0 0]
Objectifs : [11.404548102050414, 9]
Rang : 1

Individu : [0 1 0 0 1 0 0 1 0 1 1 0 1 1 1 0 0 0 0 0 0 1 0 1 0 1 0 0 0 1 0 0 1 0 0 0]
Objectifs : [10.599145946046963, 13]
Rang : 1

Individu : [0 0 0 1 0 0 0 0 0 0 0 0 0 0 0 0 0 0 0 0 0 0 0 0 0 0 0 0 0 0 0 0 0 0 0 0]
Objectifs : [49.54908318460585, 1]
Rang : 1

Individu : [0 0 0 0 0 1 0 1 1 0 0 1 1 1 0 0 0 0 0 0 0 1 0 0 0 0 1 0 0 1 0 0 0 0 0 1]
Objectifs : [10.824775662888522, 10]
Rang : 1

Individu : [0 1 0 1 0 1 0 0 0 1 0 1 1 1 1 0 0 1 0 1 1 1 1 1 1 1 1 1 1 0 0 0 1 1 1 1]
Objectifs : [9.342702386180646, 23]
Rang : 1

Individu : [0 1 0 0 1 0 0 1 0 0 0 0 0 0 0 0 0 1 0 0 0 0 0 0 0 0 0 0 0 0 0 0 0 0 0 0]
Objectifs : [15.883223228274106, 4]
Rang : 1

Individu : [0 0 0 0 0 0 0 0 0 1 0 0 0 1 0 1 1 1 0 0 0 0 1 1 0 0 1 0 0 0 0 0 0 0 0 0]
Objectifs : [12.2100436994054, 8]
Rang : 1

Individu : [0 0 0 0 1 1 0 1 0 0 0 0 0 0 0 0 1 0 0 0 0 0 0 0 0 1 0 0 0 0 0 0 0 0 0 0]
Objectifs : [14.593981754018756, 5]
Rang : 1

Individu : [1 0 0 0 0 0 0 0 0 0 0 0 0 0 0 0 0 1 0 0 0 0 0 1 0 0 0 1 1 0 0 0 0 0 0 1]
Objectifs : [12.983208589129033, 6]
Rang : 1

Individu : [1 0 0 1 0 0 0 0 0 1 0 0 0 0 0 0 0 1 0 0 1 0 0 1 0 1 0 0 1 0 0 1 0 0 0 0]
Objectifs : [11.404548102050414, 9]
Rang : 1

Individu : [0 1 0 0 1 0 0 1 0 1 1 0 1 1 1 0 0 0 0 0 0 1 0 1 0 1 0 0 0 1 0 0 1 0 0 0]
Objectifs : [10.599145946046963, 13]
Rang : 1

Individu : [0 0 0 1 0 0 0 0 0 0 0 0 0 0 0 0 0 0 0 0 0 0 0 0 0 0 0 0 0 0 0 0 0 0 0 0]
Objectifs : [49.54908318460585, 1]
Rang : 1

Individu : [0 0 0 0 0 1 0 1 1 0 0 1 1 1 0 0 0 0 0 0 0 1 0 0 0 0 1 0 0 1 0 0 0 0 0 1]
Objectifs : [10.824775662888522, 10]
Rang : 1

Individu : [0 1 0 1 0 1 0 0 0 1 0 1 1 1 1 0 0 1 0 1 1 1 1 1 1 1 1 1 1 0 0 0 1 1 1 1]
Objectifs : [9.342702386180646, 23]
Rang : 1

Individu : [0 1 0 0 1 0 0 1 0 0 0 0 0 0 0 0 0 1 0 0 0 0 0 0 0 0 0 0 0 0 0 0 0 0 0 0]
Objectifs : [15.883223228274106, 4]
Rang : 1

Individu : [0 0 0 0 0 0 0 0 0 1 0 0 0 1 0 1 1 1 0 0 0 0 1 1 0 0 1 0 0 0 0 0 0 0 0 0]
Objectifs : [12.2100436994054, 8]
Rang : 1

Individu : [0 0 0 0 1 1 0 1 0 0 0 0 0 0 0 0 1 0 0 0 0 0 0 0 0 1 0 0 0 0 0 0 0 0 0 0]
Objectifs : [14.593981754018756, 5]
Rang : 1

Individu : [1 0 0 0 0 0 0 0 0 0 0 0 0 0 0 0 0 1 0 0 0 0 0 1 0 0 0 1 1 0 0 0 0 0 0 1]
Objectifs : [12.983208589129033, 6]
Rang : 1

Individu : [1 0 0 1 0 0 0 0 0 1 0 0 0 0 0 0 0 1 0 0 1 0 0 1 0 1 0 0 1 0 0 1 0 0 0 0]
Objectifs : [11.404548102050414, 9]
Rang : 1

Individu : [0 1 0 0 1 0 0 1 0 1 1 0 1 1 1 0 0 0 0 0 0 1 0 1 0 1 0 0 0 1 0 0 1 0 0 0]
Objectifs : [10.599145946046963, 13]
Rang : 1

Individu : [0 0 0 1 0 0 0 0 0 0 0 0 0 0 0 0 0 0 0 0 0 0 0 0 0 0 0 0 0 0 0 0 0 0 0 0]
Objectifs : [49.54908318460585, 1]
Rang : 1

Individu : [0 0 0 0 0 1 0 1 1 0 0 1 1 1 0 0 0 0 0 0 0 1 0 0 0 0 1 0 0 1 0 0 0 0 0 1]
Objectifs : [10.824775662888522, 10]
Rang : 1

Individu : [0 0 1 0 0 1 0 0 1 0 0 0 1 0 0 0 0 0 0 1 0 0 0 1 0 0 1 0 0 0 0 1 0 0 0 0]
Objectifs : [13.20840224633009, 8]
Rang : 1

Individu : [0 1 0 1 0 1 0 0 0 1 0 1 1 1 1 0 0 1 0 1 1 1 1 1 1 1 1 1 1 0 0 0 1 1 1 1]
Objectifs : [9.342702386180646, 23]
Rang : 1

Individu : [0 1 0 0 1 0 0 1 0 0 0 0 0 0 0 0 0 1 0 0 0 0 0 0 0 0 0 0 0 0 0 0 0 0 0 0]
Objectifs : [15.883223228274106, 4]
Rang : 1

Individu : [0 0 0 0 0 0 0 0 0 1 0 0 0 1 0 1 1 1 0 0 0 0 1 1 0 0 1 0 0 0 0 0 0 0 0 0]
Objectifs : [12.2100436994054, 8]
Rang : 1

Individu : [0 0 0 0 1 1 0 1 0 0 0 0 0 0 0 0 1 0 0 0 0 0 0 0 0 1 0 0 0 0 0 0 0 0 0 0]
Objectifs : [14.593981754018756, 5]
Rang : 1

Individu : [1 0 0 0 0 0 0 0 0 0 0 0 0 0 0 0 0 1 0 0 0 0 0 1 0 0 0 1 1 0 0 0 0 0 0 1]
Objectifs : [12.983208589129033, 6]
Rang : 1

Individu : [1 0 0 1 0 0 0 0 0 1 0 0 0 0 0 0 0 1 0 0 1 0 0 1 0 1 0 0 1 0 0 1 0 0 0 0]
Objectifs : [11.404548102050414, 9]
Rang : 1

Individu : [0 1 0 0 1 0 0 1 0 1 1 0 1 1 1 0 0 0 0 0 0 1 0 1 0 1 0 0 0 1 0 0 1 0 0 0]
Objectifs : [10.599145946046963, 13]
Rang : 1

Individu : [0 0 0 1 0 0 0 0 0 0 0 0 0 0 0 0 0 0 0 0 0 0 0 0 0 0 0 0 0 0 0 0 0 0 0 0]
Objectifs : [49.54908318460585, 1]
Rang : 1

Individu : [0 0 0 0 0 1 0 1 1 0 0 1 1 1 0 0 0 0 0 0 0 1 0 0 0 0 1 0 0 1 0 0 0 0 0 1]
Objectifs : [10.824775662888522, 10]
Rang : 1

Individu : [0 1 0 1 0 1 0 0 0 1 0 1 1 1 1 0 0 1 0 1 1 1 1 1 1 1 1 1 1 0 0 0 1 1 1 1]
Objectifs : [9.342702386180646, 23]
Rang : 1

Individu : [1 0 0 0 0 0 0 0 0 0 0 0 0 0 0 0 0 0 0 0 0 0 0 0 0 0 0 0 0 0 0 0 0 0 0 0]
Objectifs : [49.93452875969065, 1]
Rang : 1

Individu : [0 1 0 0 1 0 0 1 0 0 0 0 0 0 0 0 0 1 0 0 0 0 0 0 0 0 0 0 0 0 0 0 0 0 0 0]
Objectifs : [15.883223228274106, 4]
Rang : 1

Individu : [0 0 0 0 0 0 0 0 0 1 0 0 0 1 0 1 1 1 0 0 0 0 1 1 0 0 1 0 0 0 0 0 0 0 0 0]
Objectifs : [12.2100436994054, 8]
Rang : 1

Individu : [0 0 0 0 1 1 0 1 0 0 0 0 0 0 0 0 1 0 0 0 0 0 0 0 0 1 0 0 0 0 0 0 0 0 0 0]
Objectifs : [14.593981754018756, 5]
Rang : 1

Individu : [1 0 0 0 0 0 0 0 0 0 0 0 0 0 0 0 0 1 0 0 0 0 0 1 0 0 0 1 1 0 0 0 0 0 0 1]
Objectifs : [12.983208589129033, 6]
Rang : 1

Individu : [1 0 0 1 0 0 0 0 0 1 0 0 0 0 0 0 0 1 0 0 1 0 0 1 0 1 0 0 1 0 0 1 0 0 0 0]
Objectifs : [11.404548102050414, 9]
Rang : 1

Individu : [0 1 0 0 1 0 0 1 0 1 1 0 1 1 1 0 0 0 0 0 0 1 0 1 0 1 0 0 0 1 0 0 1 0 0 0]
Objectifs : [10.599145946046963, 13]
Rang : 1

Individu : [0 0 0 1 0 0 0 0 0 0 0 0 0 0 0 0 0 0 0 0 0 0 0 0 0 0 0 0 0 0 0 0 0 0 0 0]
Objectifs : [49.54908318460585, 1]
Rang : 1

Individu : [0 0 0 0 0 1 0 1 1 0 0 1 1 1 0 0 0 0 0 0 0 1 0 0 0 0 1 0 0 1 0 0 0 0 0 1]
Objectifs : [10.824775662888522, 10]
Rang : 1

Individu : [0 1 0 1 0 1 0 0 0 1 0 1 1 1 1 0 0 1 0 1 1 1 1 1 1 1 1 1 1 0 0 0 1 1 1 1]
Objectifs : [9.342702386180646, 23]
Rang : 1

Individu : [1 0 0 0 0 0 0 0 0 0 0 0 0 0 0 0 0 1 0 0 0 0 0 0 0 0 0 0 0 0 0 0 0 0 0 0]
Objectifs : [23.035255421934423, 2]
Rang : 1

Individu : [0 1 0 0 1 0 0 1 0 0 0 0 0 0 0 0 0 1 0 0 0 0 0 0 0 0 0 0 0 0 0 0 0 0 0 0]
Objectifs : [15.883223228274106, 4]
Rang : 1

Individu : [0 0 0 0 0 0 0 0 0 1 0 0 0 1 0 1 1 1 0 0 0 0 1 1 0 0 1 0 0 0 0 0 0 0 0 0]
Objectifs : [12.2100436994054, 8]
Rang : 1

Individu : [0 0 0 0 1 1 0 1 0 0 0 0 0 0 0 0 1 0 0 0 0 0 0 0 0 1 0 0 0 0 0 0 0 0 0 0]
Objectifs : [14.593981754018756, 5]
Rang : 1

Individu : [1 0 0 0 0 0 0 0 0 0 0 0 0 0 0 0 0 1 0 0 0 0 0 1 0 0 0 1 1 0 0 0 0 0 0 1]
Objectifs : [12.983208589129033, 6]
Rang : 1

Individu : [1 0 0 1 0 0 0 0 0 1 0 0 0 0 0 0 0 1 0 0 1 0 0 1 0 1 0 0 1 0 0 1 0 0 0 0]
Objectifs : [11.404548102050414, 9]
Rang : 1

