Résultats pour la méthode 1:

Individu : [1 0 0 0 0 1 0 0 0 0 1 1 0 0 1 0 0 0 0 0 1 0 0 0 0 0 1 0 0 0]
Objectifs : [7.28146122882965, 7]
Rang : 1

Individu : [1 0 0 0 0 1 0 0 0 0 1 1 0 0 1 0 0 0 0 0 1 0 0 0 0 0 1 0 0 0]
Objectifs : [7.28146122882965, 7]
Rang : 1

Individu : [1 0 0 0 0 1 0 0 0 0 1 1 0 0 1 0 0 0 0 0 1 0 0 0 0 0 1 0 0 0]
Objectifs : [7.28146122882965, 7]
Rang : 1

Individu : [1 0 0 0 0 1 0 0 0 0 1 1 0 0 1 0 0 0 0 0 1 0 0 0 0 0 1 0 0 0]
Objectifs : [7.28146122882965, 7]
Rang : 1

Individu : [1 0 0 0 0 1 0 0 0 0 1 1 0 0 1 0 0 0 0 0 1 0 0 0 0 0 1 0 0 0]
Objectifs : [7.28146122882965, 7]
Rang : 1

Individu : [1 0 0 0 0 1 0 0 0 0 1 1 0 0 1 0 0 0 0 0 1 0 0 0 0 0 1 0 0 0]
Objectifs : [7.28146122882965, 7]
Rang : 1

Individu : [1 0 0 0 0 1 0 0 0 0 1 1 0 0 1 0 0 0 0 0 1 0 0 0 0 0 1 0 0 0]
Objectifs : [7.28146122882965, 7]
Rang : 1

Individu : [1 0 0 0 0 1 0 0 0 0 1 1 0 0 1 0 0 0 0 0 1 0 0 0 0 0 1 0 0 0]
Objectifs : [7.28146122882965, 7]
Rang : 1

Individu : [0 1 1 0 1 1 0 0 0 0 0 1 0 0 0 0 0 0 0 1 0 1 1 0 0 0 0 0 0 0]
Objectifs : [7.03083466241361, 8]
Rang : 1

Individu : [1 0 0 0 0 1 0 0 0 0 1 1 0 0 1 0 0 0 0 0 1 0 0 0 0 0 1 0 0 0]
Objectifs : [7.28146122882965, 7]
Rang : 1

Individu : [0 1 1 0 1 1 0 0 0 0 0 1 0 0 0 0 0 0 0 1 0 1 1 0 0 0 0 0 0 0]
Objectifs : [7.03083466241361, 8]
Rang : 1

Individu : [1 0 0 0 0 1 0 0 0 0 1 1 0 0 1 0 0 0 0 0 1 0 0 0 0 0 1 0 0 0]
Objectifs : [7.28146122882965, 7]
Rang : 1

Individu : [0 1 1 0 1 1 0 0 0 0 0 1 0 0 0 0 0 0 0 1 0 1 1 0 0 0 0 0 0 0]
Objectifs : [7.03083466241361, 8]
Rang : 1

Individu : [1 0 1 0 1 0 0 0 1 0 0 1 0 0 0 1 0 0 1 0 0 0 1 0 0 0 0 0 0 0]
Objectifs : [7.283359914938862, 8]
Rang : 1

Individu : [1 0 0 0 0 1 0 0 0 0 1 1 0 0 1 0 0 0 0 0 1 0 0 0 0 0 1 0 0 0]
Objectifs : [7.28146122882965, 7]
Rang : 1

Individu : [0 1 1 0 1 1 0 0 0 0 0 1 0 0 0 0 0 0 0 1 0 1 1 0 0 0 0 0 0 0]
Objectifs : [7.03083466241361, 8]
Rang : 1

Individu : [1 1 1 0 0 0 1 1 0 0 0 0 0 1 0 1 0 1 1 1 1 1 1 0 0 1 1 1 1 1]
Objectifs : [6.525784157363105, 18]
Rang : 1

Individu : [1 0 0 0 0 1 0 0 0 0 1 1 0 0 1 0 0 0 0 0 1 0 0 0 0 0 1 0 0 0]
Objectifs : [7.28146122882965, 7]
Rang : 1

Individu : [0 1 1 0 1 1 0 0 0 0 0 1 0 0 0 0 0 0 0 1 0 1 1 0 0 0 0 0 0 0]
Objectifs : [7.03083466241361, 8]
Rang : 1

Individu : [1 1 1 0 0 0 1 1 0 0 0 0 0 1 0 1 0 1 1 1 1 1 1 0 0 1 1 1 1 1]
Objectifs : [6.525784157363105, 18]
Rang : 1

Individu : [1 0 0 0 0 1 0 0 0 0 1 1 0 0 1 0 0 0 0 0 1 0 0 0 0 0 1 0 0 0]
Objectifs : [7.28146122882965, 7]
Rang : 1

Individu : [0 1 1 0 1 1 0 0 0 0 0 1 0 0 0 0 0 0 0 1 0 1 1 0 0 0 0 0 0 0]
Objectifs : [7.03083466241361, 8]
Rang : 1

Individu : [1 1 1 0 0 0 1 1 0 0 0 0 0 1 0 1 0 1 1 1 1 1 1 0 0 1 1 1 1 1]
Objectifs : [6.525784157363105, 18]
Rang : 1

Individu : [0 0 0 0 0 0 0 1 0 0 0 0 0 0 0 0 0 0 0 0 0 0 0 0 0 0 0 0 0 0]
Objectifs : [8.037138300296194, 1]
Rang : 1

Individu : [1 0 0 0 0 0 1 0 1 0 1 0 0 1 1 1 0 0 0 0 0 1 1 0 0 1 0 0 0 0]
Objectifs : [6.776410723779144, 10]
Rang : 1

Individu : [1 0 0 0 0 1 0 0 0 0 1 1 0 0 1 0 0 0 0 0 1 0 0 0 0 0 1 0 0 0]
Objectifs : [7.28146122882965, 7]
Rang : 1

Individu : [0 1 1 0 1 1 0 0 0 0 0 1 0 0 0 0 0 0 0 1 0 1 1 0 0 0 0 0 0 0]
Objectifs : [7.03083466241361, 8]
Rang : 1

Individu : [1 1 1 0 0 0 1 1 0 0 0 0 0 1 0 1 0 1 1 1 1 1 1 0 0 1 1 1 1 1]
Objectifs : [6.525784157363105, 18]
Rang : 1

Individu : [1 1 0 0 1 1 1 0 0 1 0 1 0 0 1 1 1 1 1 1 1 1 1 0 1 1 1 0 1 1]
Objectifs : [6.531480215690742, 21]
Rang : 1

Individu : [1 1 1 0 1 1 1 0 1 0 1 1 1 1 1 1 0 0 0 1 1 1 1 0 1 1 1 1 1 1]
Objectifs : [6.525784157363105, 23]
Rang : 1

Individu : [0 0 0 0 0 0 0 1 0 0 0 0 0 0 0 0 0 0 0 0 0 0 0 0 0 0 0 0 0 0]
Objectifs : [8.037138300296194, 1]
Rang : 1

Individu : [1 0 0 0 0 0 1 0 1 0 1 0 0 1 1 1 0 0 0 0 0 1 1 0 0 1 0 0 0 0]
Objectifs : [6.776410723779144, 10]
Rang : 1

Individu : [1 0 0 0 0 1 0 0 0 0 1 1 0 0 1 0 0 0 0 0 1 0 0 0 0 0 1 0 0 0]
Objectifs : [7.28146122882965, 7]
Rang : 1

Individu : [0 1 1 0 1 1 0 0 0 0 0 1 0 0 0 0 0 0 0 1 0 1 1 0 0 0 0 0 0 0]
Objectifs : [7.03083466241361, 8]
Rang : 1

Individu : [1 1 1 0 0 0 1 1 0 0 0 0 0 1 0 1 0 1 1 1 1 1 1 0 0 1 1 1 1 1]
Objectifs : [6.525784157363105, 18]
Rang : 1

Individu : [0 0 0 0 0 0 0 1 0 0 0 0 0 0 0 0 0 0 0 0 0 0 0 0 0 0 0 0 0 0]
Objectifs : [8.037138300296194, 1]
Rang : 1

Individu : [1 0 0 0 0 0 1 0 1 0 1 0 0 1 1 1 0 0 0 0 0 1 1 0 0 1 0 0 0 0]
Objectifs : [6.776410723779144, 10]
Rang : 1

Individu : [1 0 0 0 0 1 0 0 0 0 1 1 0 0 1 0 0 0 0 0 1 0 0 0 0 0 1 0 0 0]
Objectifs : [7.28146122882965, 7]
Rang : 1

Individu : [0 1 1 0 1 1 0 0 0 0 0 1 0 0 0 0 0 0 0 1 0 1 1 0 0 0 0 0 0 0]
Objectifs : [7.03083466241361, 8]
Rang : 1

Individu : [1 1 1 0 0 0 1 1 0 0 0 0 0 1 0 1 0 1 1 1 1 1 1 0 0 1 1 1 1 1]
Objectifs : [6.525784157363105, 18]
Rang : 1

Individu : [0 0 0 0 0 0 0 1 0 0 0 0 0 0 0 0 0 0 0 0 0 0 0 0 0 0 0 0 0 0]
Objectifs : [8.037138300296194, 1]
Rang : 1

Individu : [1 0 0 0 0 0 1 0 1 0 1 0 0 1 1 1 0 0 0 0 0 1 1 0 0 1 0 0 0 0]
Objectifs : [6.776410723779144, 10]
Rang : 1

Individu : [1 0 0 0 0 1 0 0 0 0 1 1 0 0 1 0 0 0 0 0 1 0 0 0 0 0 1 0 0 0]
Objectifs : [7.28146122882965, 7]
Rang : 1

Individu : [0 1 1 0 1 1 0 0 0 0 0 1 0 0 0 0 0 0 0 1 0 1 1 0 0 0 0 0 0 0]
Objectifs : [7.03083466241361, 8]
Rang : 1

Individu : [1 1 1 0 0 0 1 1 0 0 0 0 0 1 0 1 0 1 1 1 1 1 1 0 0 1 1 1 1 1]
Objectifs : [6.525784157363105, 18]
Rang : 1

Individu : [0 0 0 0 0 0 0 1 0 0 0 0 0 0 0 0 0 0 0 0 0 0 0 0 0 0 0 0 0 0]
Objectifs : [8.037138300296194, 1]
Rang : 1

Individu : [1 0 0 0 0 0 1 0 1 0 1 0 0 1 1 1 0 0 0 0 0 1 1 0 0 1 0 0 0 0]
Objectifs : [6.776410723779144, 10]
Rang : 1

Individu : [0 0 0 1 1 1 0 0 0 0 0 0 0 0 0 0 0 0 0 0 0 0 0 1 0 0 0 0 0 0]
Objectifs : [9.04344193817878, 4]
Rang : 1

Individu : [1 0 0 0 0 1 0 0 0 0 1 1 0 0 1 0 0 0 0 0 1 0 0 0 0 0 1 0 0 0]
Objectifs : [7.28146122882965, 7]
Rang : 1

Individu : [0 1 1 0 1 1 0 0 0 0 0 1 0 0 0 0 0 0 0 1 0 1 1 0 0 0 0 0 0 0]
Objectifs : [7.03083466241361, 8]
Rang : 1

Individu : [1 1 1 0 0 0 1 1 0 0 0 0 0 1 0 1 0 1 1 1 1 1 1 0 0 1 1 1 1 1]
Objectifs : [6.525784157363105, 18]
Rang : 1

Individu : [0 0 0 0 0 0 0 1 0 0 0 0 0 0 0 0 0 0 0 0 0 0 0 0 0 0 0 0 0 0]
Objectifs : [8.037138300296194, 1]
Rang : 1

Individu : [1 0 0 0 0 0 1 0 1 0 1 0 0 1 1 1 0 0 0 0 0 1 1 0 0 1 0 0 0 0]
Objectifs : [6.776410723779144, 10]
Rang : 1

Individu : [1 0 0 0 0 1 0 0 0 0 1 1 0 0 1 0 0 0 0 0 1 0 0 0 0 0 1 0 0 0]
Objectifs : [7.28146122882965, 7]
Rang : 1

Individu : [0 1 1 0 1 1 0 0 0 0 0 1 0 0 0 0 0 0 0 1 0 1 1 0 0 0 0 0 0 0]
Objectifs : [7.03083466241361, 8]
Rang : 1

Individu : [1 1 1 0 0 0 1 1 0 0 0 0 0 1 0 1 0 1 1 1 1 1 1 0 0 1 1 1 1 1]
Objectifs : [6.525784157363105, 18]
Rang : 1

Individu : [0 0 0 0 0 0 0 1 0 0 0 0 0 0 0 0 0 0 0 0 0 0 0 0 0 0 0 0 0 0]
Objectifs : [8.037138300296194, 1]
Rang : 1

Individu : [1 0 0 0 0 0 1 0 1 0 1 0 0 1 1 1 0 0 0 0 0 1 1 0 0 1 0 0 0 0]
Objectifs : [6.776410723779144, 10]
Rang : 1

Individu : [0 1 0 0 1 0 0 0 0 0 0 0 0 0 0 0 0 0 0 0 1 0 0 0 0 0 0 0 0 0]
Objectifs : [8.285866180603023, 3]
Rang : 1

Individu : [0 0 1 0 0 0 0 1 0 0 0 0 1 0 0 0 1 0 0 1 0 0 1 0 0 0 0 0 0 0]
Objectifs : [8.037138300296194, 6]
Rang : 1

Individu : [0 0 0 1 0 0 0 0 0 0 0 0 0 0 0 0 0 0 0 0 0 0 0 0 0 0 0 0 0 0]
Objectifs : [17.581833371307056, 1]
Rang : 1

Individu : [0 1 1 1 0 0 0 0 0 1 0 0 0 0 0 0 1 0 0 0 0 0 0 1 0 0 0 0 0 1]
Objectifs : [9.04344193817878, 7]
Rang : 1

Individu : [1 0 0 0 0 1 0 0 0 0 1 1 0 0 1 0 0 0 0 0 1 0 0 0 0 0 1 0 0 0]
Objectifs : [7.28146122882965, 7]
Rang : 1

Individu : [0 1 1 0 1 1 0 0 0 0 0 1 0 0 0 0 0 0 0 1 0 1 1 0 0 0 0 0 0 0]
Objectifs : [7.03083466241361, 8]
Rang : 1

Individu : [1 1 1 0 0 0 1 1 0 0 0 0 0 1 0 1 0 1 1 1 1 1 1 0 0 1 1 1 1 1]
Objectifs : [6.525784157363105, 18]
Rang : 1

Individu : [0 0 0 0 0 0 0 1 0 0 0 0 0 0 0 0 0 0 0 0 0 0 0 0 0 0 0 0 0 0]
Objectifs : [8.037138300296194, 1]
Rang : 1

Individu : [1 0 0 0 0 0 1 0 1 0 1 0 0 1 1 1 0 0 0 0 0 1 1 0 0 1 0 0 0 0]
Objectifs : [6.776410723779144, 10]
Rang : 1

Individu : [0 0 1 0 0 0 0 0 0 0 0 0 0 0 0 0 0 0 0 0 0 0 0 0 0 0 0 0 0 0]
Objectifs : [14.817346396293765, 1]
Rang : 1

Individu : [1 0 0 0 0 0 1 0 1 0 0 0 0 1 1 0 1 1 1 1 0 1 1 0 1 1 1 1 0 1]
Objectifs : [6.776410723779144, 16]
Rang : 1

Individu : [1 1 1 0 0 0 1 0 1 1 0 1 0 0 1 0 0 0 1 0 0 1 1 0 0 0 0 0 0 0]
Objectifs : [6.78020809599757, 11]
Rang : 1

Individu : [0 0 0 0 0 0 1 0 0 0 0 0 0 0 0 0 0 0 0 1 0 0 0 0 0 0 0 0 0 0]
Objectifs : [11.065542644490012, 2]
Rang : 1

Individu : [1 0 1 0 1 0 0 0 1 0 0 1 0 0 0 1 0 0 1 0 0 0 1 0 0 0 0 0 0 0]
Objectifs : [7.283359914938862, 8]
Rang : 1

Individu : [0 0 0 0 1 0 1 0 1 1 0 1 1 0 0 0 0 0 0 0 0 1 1 0 0 0 0 0 0 0]
Objectifs : [7.535885167464114, 8]
Rang : 1

Individu : [0 0 0 1 0 0 0 0 0 0 0 0 0 0 0 0 0 0 0 0 0 0 0 0 0 0 0 0 0 0]
Objectifs : [17.581833371307056, 1]
Rang : 1

Individu : [1 0 0 0 0 0 0 0 0 0 0 0 0 0 0 0 0 0 0 0 0 0 0 0 0 0 0 0 0 0]
Objectifs : [18.582440950862004, 1]
Rang : 1

Individu : [0 1 0 0 0 1 0 0 0 0 0 0 1 0 0 0 1 1 1 1 0 0 1 0 0 0 0 0 0 0]
Objectifs : [7.78271436166173, 8]
Rang : 1

Individu : [0 0 0 0 0 1 0 0 0 0 0 0 0 0 0 0 0 0 0 0 0 0 0 0 0 0 0 0 0 0]
Objectifs : [28.894205209994684, 1]
Rang : 1

Individu : [0 1 0 0 0 0 0 0 0 0 0 0 0 0 0 0 0 0 0 0 0 0 0 0 0 0 0 0 0 0]
Objectifs : [38.693324219640004, 1]
Rang : 1

Individu : [0 1 1 0 0 0 0 0 0 0 0 0 0 0 0 0 0 0 0 0 0 0 0 0 0 0 0 0 0 0]
Objectifs : [12.309182046024151, 2]
Rang : 1

Individu : [0 1 1 0 1 1 0 0 0 1 0 1 0 0 1 0 1 0 1 0 0 1 1 0 0 0 0 0 0 0]
Objectifs : [7.03083466241361, 11]
Rang : 1

Individu : [1 0 0 0 0 0 0 0 1 0 0 1 1 1 1 0 1 1 1 1 0 1 1 0 1 1 1 0 1 1]
Objectifs : [6.776410723779144, 17]
Rang : 1

Individu : [1 0 0 0 0 0 1 0 0 0 0 0 0 0 0 0 0 0 0 0 0 0 0 0 0 0 0 0 0 0]
Objectifs : [14.06166932482722, 2]
Rang : 1

Individu : [1 0 0 0 0 1 0 0 0 0 0 0 0 0 0 0 0 0 0 0 0 0 0 0 0 0 0 0 0 0]
Objectifs : [15.817953975848711, 2]
Rang : 1

Individu : [0 0 0 0 0 0 0 0 1 0 0 1 1 1 1 0 0 1 1 1 1 1 1 0 1 1 1 0 0 1]
Objectifs : [7.279562542720437, 15]
Rang : 1

Individu : [0 1 1 0 1 1 1 1 0 0 0 0 1 1 1 1 0 1 0 1 1 1 1 0 1 1 0 1 1 1]
Objectifs : [6.525784157363105, 20]
Rang : 1

Individu : [1 0 0 0 0 0 0 1 1 1 1 0 0 1 0 1 1 1 1 1 0 1 1 0 1 1 1 1 0 1]
Objectifs : [6.776410723779144, 18]
Rang : 1

Individu : [0 0 0 0 0 0 0 0 1 0 0 0 0 1 0 0 0 0 0 0 0 0 0 0 0 0 0 0 0 0]
Objectifs : [17.832459937723097, 2]
Rang : 1

Individu : [1 0 0 0 0 0 0 0 0 0 0 0 0 0 0 0 0 1 0 0 0 0 0 0 0 0 0 0 0 0]
Objectifs : [18.833067517278042, 2]
Rang : 1

Individu : [1 0 1 0 0 0 0 0 0 0 0 0 0 0 0 0 0 0 0 0 0 0 1 0 0 0 0 0 0 0]
Objectifs : [7.784613047770943, 3]
Rang : 1

Individu : [1 0 1 1 1 0 0 0 0 1 1 1 0 0 0 0 1 0 0 0 0 0 0 1 0 1 0 0 0 0]
Objectifs : [9.04344193817878, 10]
Rang : 1

Individu : [1 0 0 1 1 0 0 0 0 0 0 0 0 0 0 0 0 0 0 0 0 0 0 0 0 0 0 0 0 0]
Objectifs : [17.581833371307056, 3]
Rang : 1

Individu : [0 1 0 0 0 0 0 0 0 0 0 0 0 0 0 0 0 1 0 0 0 0 0 0 0 0 0 0 0 0]
Objectifs : [38.69522290574922, 2]
Rang : 1

Individu : [0 1 0 0 0 1 1 1 1 0 0 1 1 1 1 1 1 1 1 0 1 1 1 0 1 1 1 1 0 1]
Objectifs : [7.275765170502011, 21]
Rang : 1

Individu : [1 0 0 1 1 1 1 1 0 0 1 0 0 0 1 1 0 0 0 0 1 0 0 1 0 0 0 0 0 0]
Objectifs : [9.04344193817878, 11]
Rang : 1

Individu : [0 0 0 1 0 0 0 0 1 0 0 0 1 1 0 1 1 1 0 1 0 1 0 0 0 0 0 0 0 1]
Objectifs : [10.79782790309106, 10]
Rang : 1

Individu : [1 1 1 1 0 1 1 1 0 0 1 0 1 1 1 1 0 1 1 1 1 1 0 1 1 1 1 1 0 0]
Objectifs : [8.790916685653528, 22]
Rang : 1

Individu : [0 1 1 0 0 1 1 0 0 0 1 1 1 1 1 1 0 1 1 1 0 1 1 1 0 1 1 1 0 0]
Objectifs : [10.545302650565807, 19]
Rang : 1

Individu : [1 0 1 1 1 0 0 0 1 0 0 1 0 1 0 1 1 1 1 1 1 0 0 1 1 1 1 1 1 1]
Objectifs : [9.04344193817878, 20]
Rang : 1

Individu : [0 1 1 0 0 1 1 0 0 0 1 0 0 0 0 0 0 0 0 0 0 0 0 0 0 0 0 0 0 0]
Objectifs : [12.309182046024151, 5]
Rang : 1

Individu : [0 0 0 1 0 0 1 0 0 0 0 0 0 0 0 0 0 0 0 1 0 0 0 0 0 0 0 0 0 0]
Objectifs : [17.581833371307056, 3]
Rang : 1

