Résultats pour la méthode 3:

Individu : [1 0 0 0 0 0 0 0 0 0 0 0 0 0 0 0 0 0 0 0 0 1 0 1 1 1 0 0 0 0 0 0 1 0 0 0]
Objectifs : [14.207414882715529, 6]
Rang : 1

Individu : [0 1 1 0 0 0 1 1 1 1 1 1 1 1 1 0 1 1 0 1 1 1 1 1 1 0 1 1 0 1 1 1 1 1 1 1]
Objectifs : [9.568176367436312, 28]
Rang : 1

Individu : [1 0 0 0 0 0 0 0 0 0 0 0 0 0 0 0 0 0 0 0 0 1 0 1 1 1 0 0 0 0 0 0 1 0 0 0]
Objectifs : [14.207414882715529, 6]
Rang : 1

Individu : [0 1 1 0 0 0 1 1 1 1 1 1 1 1 1 0 1 1 0 1 1 1 1 1 1 0 1 1 0 1 1 1 1 1 1 1]
Objectifs : [9.568176367436312, 28]
Rang : 1

Individu : [0 0 0 0 0 0 0 0 1 0 1 0 0 1 0 0 0 0 0 0 0 0 0 1 0 0 0 0 0 0 0 0 0 0 0 0]
Objectifs : [16.269509775522728, 4]
Rang : 1

Individu : [0 0 1 0 1 0 0 1 1 1 0 1 0 1 1 0 0 1 1 0 1 0 0 1 1 0 1 0 0 0 0 0 0 0 0 1]
Objectifs : [10.115649246084029, 15]
Rang : 1

Individu : [1 0 0 0 0 0 0 0 0 0 0 0 0 0 0 0 0 0 0 0 0 1 0 1 1 1 0 0 0 0 0 0 1 0 0 0]
Objectifs : [14.207414882715529, 6]
Rang : 1

Individu : [0 1 1 0 0 0 1 1 1 1 1 1 1 1 1 0 1 1 0 1 1 1 1 1 1 0 1 1 0 1 1 1 1 1 1 1]
Objectifs : [9.568176367436312, 28]
Rang : 1

Individu : [0 0 0 0 0 0 0 0 1 0 1 0 0 1 0 0 0 0 0 0 0 0 0 1 0 0 0 0 0 0 0 0 0 0 0 0]
Objectifs : [16.269509775522728, 4]
Rang : 1

Individu : [0 0 1 0 1 0 0 1 1 1 0 1 0 1 1 0 0 1 1 0 1 0 0 1 1 0 1 0 0 0 0 0 0 0 0 1]
Objectifs : [10.115649246084029, 15]
Rang : 1

Individu : [0 0 0 0 0 0 1 0 1 0 0 0 0 0 0 0 0 1 0 0 0 0 0 0 0 0 0 0 0 0 0 0 0 0 0 0]
Objectifs : [17.848170262601347, 3]
Rang : 1

Individu : [1 0 0 0 0 0 0 0 0 0 0 0 0 0 0 0 0 0 0 0 0 1 0 1 1 1 0 0 0 0 0 0 1 0 0 0]
Objectifs : [14.207414882715529, 6]
Rang : 1

Individu : [0 1 1 0 0 0 1 1 1 1 1 1 1 1 1 0 1 1 0 1 1 1 1 1 1 0 1 1 0 1 1 1 1 1 1 1]
Objectifs : [9.568176367436312, 28]
Rang : 1

Individu : [0 0 0 0 0 0 0 0 1 0 1 0 0 1 0 0 0 0 0 0 0 0 0 1 0 0 0 0 0 0 0 0 0 0 0 0]
Objectifs : [16.269509775522728, 4]
Rang : 1

Individu : [0 0 1 0 1 0 0 1 1 1 0 1 0 1 1 0 0 1 1 0 1 0 0 1 1 0 1 0 0 0 0 0 0 0 0 1]
Objectifs : [10.115649246084029, 15]
Rang : 1

Individu : [0 0 0 0 0 0 1 0 1 0 0 0 0 0 0 0 0 1 0 0 0 0 0 0 0 0 0 0 0 0 0 0 0 0 0 0]
Objectifs : [17.848170262601347, 3]
Rang : 1

Individu : [0 1 1 0 1 0 0 0 0 1 0 1 0 0 0 0 0 1 0 0 1 0 0 1 0 0 0 0 1 1 1 1 0 0 0 0]
Objectifs : [11.018105819215902, 12]
Rang : 1

Individu : [1 0 0 0 0 0 0 0 0 0 0 0 0 0 0 0 0 0 0 0 0 1 0 1 1 1 0 0 0 0 0 0 1 0 0 0]
Objectifs : [14.207414882715529, 6]
Rang : 1

Individu : [0 1 1 0 0 0 1 1 1 1 1 1 1 1 1 0 1 1 0 1 1 1 1 1 1 0 1 1 0 1 1 1 1 1 1 1]
Objectifs : [9.568176367436312, 28]
Rang : 1

Individu : [0 0 0 0 0 0 0 0 1 0 1 0 0 1 0 0 0 0 0 0 0 0 0 1 0 0 0 0 0 0 0 0 0 0 0 0]
Objectifs : [16.269509775522728, 4]
Rang : 1

Individu : [0 0 1 0 1 0 0 1 1 1 0 1 0 1 1 0 0 1 1 0 1 0 0 1 1 0 1 0 0 0 0 0 0 0 0 1]
Objectifs : [10.115649246084029, 15]
Rang : 1

Individu : [0 0 0 0 0 0 1 0 1 0 0 0 0 0 0 0 0 1 0 0 0 0 0 0 0 0 0 0 0 0 0 0 0 0 0 0]
Objectifs : [17.848170262601347, 3]
Rang : 1

Individu : [0 1 1 0 1 0 0 0 0 1 0 1 0 0 0 0 0 1 0 0 1 0 0 1 0 0 0 0 1 1 1 1 0 0 0 0]
Objectifs : [11.018105819215902, 12]
Rang : 1

Individu : [1 0 0 0 0 0 0 0 0 0 0 0 0 0 0 0 0 0 0 0 0 1 0 1 1 1 0 0 0 0 0 0 1 0 0 0]
Objectifs : [14.207414882715529, 6]
Rang : 1

Individu : [0 1 1 0 0 0 1 1 1 1 1 1 1 1 1 0 1 1 0 1 1 1 1 1 1 0 1 1 0 1 1 1 1 1 1 1]
Objectifs : [9.568176367436312, 28]
Rang : 1

Individu : [0 0 0 0 0 0 0 0 1 0 1 0 0 1 0 0 0 0 0 0 0 0 0 1 0 0 0 0 0 0 0 0 0 0 0 0]
Objectifs : [16.269509775522728, 4]
Rang : 1

Individu : [0 0 1 0 1 0 0 1 1 1 0 1 0 1 1 0 0 1 1 0 1 0 0 1 1 0 1 0 0 0 0 0 0 0 0 1]
Objectifs : [10.115649246084029, 15]
Rang : 1

Individu : [0 0 0 0 0 0 1 0 1 0 0 0 0 0 0 0 0 1 0 0 0 0 0 0 0 0 0 0 0 0 0 0 0 0 0 0]
Objectifs : [17.848170262601347, 3]
Rang : 1

Individu : [0 1 1 0 1 0 0 0 0 1 0 1 0 0 0 0 0 1 0 0 1 0 0 1 0 0 0 0 1 1 1 1 0 0 0 0]
Objectifs : [11.018105819215902, 12]
Rang : 1

Individu : [1 0 0 1 1 0 0 0 0 1 0 0 0 0 0 0 0 1 0 0 0 0 0 0 0 0 0 0 0 0 0 0 0 0 0 0]
Objectifs : [15.303606524698107, 5]
Rang : 1

Individu : [0 0 0 1 0 0 0 0 0 0 0 0 0 0 0 0 0 0 0 0 0 0 0 0 0 0 0 0 0 0 0 0 0 0 0 0]
Objectifs : [49.54908318460585, 1]
Rang : 1

Individu : [1 0 0 0 0 0 0 0 0 0 0 0 0 0 0 0 0 0 0 0 0 1 0 1 1 1 0 0 0 0 0 0 1 0 0 0]
Objectifs : [14.207414882715529, 6]
Rang : 1

Individu : [0 1 1 0 0 0 1 1 1 1 1 1 1 1 1 0 1 1 0 1 1 1 1 1 1 0 1 1 0 1 1 1 1 1 1 1]
Objectifs : [9.568176367436312, 28]
Rang : 1

Individu : [0 0 0 0 0 0 0 0 1 0 1 0 0 1 0 0 0 0 0 0 0 0 0 1 0 0 0 0 0 0 0 0 0 0 0 0]
Objectifs : [16.269509775522728, 4]
Rang : 1

Individu : [0 0 1 0 1 0 0 1 1 1 0 1 0 1 1 0 0 1 1 0 1 0 0 1 1 0 1 0 0 0 0 0 0 0 0 1]
Objectifs : [10.115649246084029, 15]
Rang : 1

Individu : [0 0 0 0 0 0 1 0 1 0 0 0 0 0 0 0 0 1 0 0 0 0 0 0 0 0 0 0 0 0 0 0 0 0 0 0]
Objectifs : [17.848170262601347, 3]
Rang : 1

Individu : [0 1 1 0 1 0 0 0 0 1 0 1 0 0 0 0 0 1 0 0 1 0 0 1 0 0 0 0 1 1 1 1 0 0 0 0]
Objectifs : [11.018105819215902, 12]
Rang : 1

Individu : [1 0 0 1 1 0 0 0 0 1 0 0 0 0 0 0 0 1 0 0 0 0 0 0 0 0 0 0 0 0 0 0 0 0 0 0]
Objectifs : [15.303606524698107, 5]
Rang : 1

Individu : [0 0 0 1 0 0 0 0 0 0 0 0 0 0 0 0 0 0 0 0 0 0 0 0 0 0 0 0 0 0 0 0 0 0 0 0]
Objectifs : [49.54908318460585, 1]
Rang : 1

Individu : [1 0 1 0 0 0 1 0 0 1 0 0 1 1 1 0 1 1 0 1 1 0 0 0 0 0 1 0 0 0 0 0 1 0 1 0]
Objectifs : [10.5992393873985, 14]
Rang : 1

Individu : [1 0 0 0 0 0 0 0 0 0 0 0 0 0 0 0 0 0 0 0 0 1 0 1 1 1 0 0 0 0 0 0 1 0 0 0]
Objectifs : [14.207414882715529, 6]
Rang : 1

Individu : [0 1 1 0 0 0 1 1 1 1 1 1 1 1 1 0 1 1 0 1 1 1 1 1 1 0 1 1 0 1 1 1 1 1 1 1]
Objectifs : [9.568176367436312, 28]
Rang : 1

Individu : [0 0 0 0 0 0 0 0 1 0 1 0 0 1 0 0 0 0 0 0 0 0 0 1 0 0 0 0 0 0 0 0 0 0 0 0]
Objectifs : [16.269509775522728, 4]
Rang : 1

Individu : [0 0 1 0 1 0 0 1 1 1 0 1 0 1 1 0 0 1 1 0 1 0 0 1 1 0 1 0 0 0 0 0 0 0 0 1]
Objectifs : [10.115649246084029, 15]
Rang : 1

Individu : [0 0 0 0 0 0 1 0 1 0 0 0 0 0 0 0 0 1 0 0 0 0 0 0 0 0 0 0 0 0 0 0 0 0 0 0]
Objectifs : [17.848170262601347, 3]
Rang : 1

Individu : [0 1 1 0 1 0 0 0 0 1 0 1 0 0 0 0 0 1 0 0 1 0 0 1 0 0 0 0 1 1 1 1 0 0 0 0]
Objectifs : [11.018105819215902, 12]
Rang : 1

Individu : [1 0 0 1 1 0 0 0 0 1 0 0 0 0 0 0 0 1 0 0 0 0 0 0 0 0 0 0 0 0 0 0 0 0 0 0]
Objectifs : [15.303606524698107, 5]
Rang : 1

Individu : [0 0 0 1 0 0 0 0 0 0 0 0 0 0 0 0 0 0 0 0 0 0 0 0 0 0 0 0 0 0 0 0 0 0 0 0]
Objectifs : [49.54908318460585, 1]
Rang : 1

Individu : [1 0 1 0 0 0 1 0 0 1 0 0 1 1 1 0 1 1 0 1 1 0 0 0 0 0 1 0 0 0 0 0 1 0 1 0]
Objectifs : [10.5992393873985, 14]
Rang : 1

Individu : [1 0 0 0 0 0 0 0 0 0 0 0 0 0 0 0 0 0 0 0 0 1 0 1 1 1 0 0 0 0 0 0 1 0 0 0]
Objectifs : [14.207414882715529, 6]
Rang : 1

Individu : [0 1 1 0 0 0 1 1 1 1 1 1 1 1 1 0 1 1 0 1 1 1 1 1 1 0 1 1 0 1 1 1 1 1 1 1]
Objectifs : [9.568176367436312, 28]
Rang : 1

Individu : [0 0 0 0 0 0 0 0 1 0 1 0 0 1 0 0 0 0 0 0 0 0 0 1 0 0 0 0 0 0 0 0 0 0 0 0]
Objectifs : [16.269509775522728, 4]
Rang : 1

Individu : [0 0 1 0 1 0 0 1 1 1 0 1 0 1 1 0 0 1 1 0 1 0 0 1 1 0 1 0 0 0 0 0 0 0 0 1]
Objectifs : [10.115649246084029, 15]
Rang : 1

Individu : [0 0 0 0 0 0 1 0 1 0 0 0 0 0 0 0 0 1 0 0 0 0 0 0 0 0 0 0 0 0 0 0 0 0 0 0]
Objectifs : [17.848170262601347, 3]
Rang : 1

Individu : [0 1 1 0 1 0 0 0 0 1 0 1 0 0 0 0 0 1 0 0 1 0 0 1 0 0 0 0 1 1 1 1 0 0 0 0]
Objectifs : [11.018105819215902, 12]
Rang : 1

Individu : [1 0 0 1 1 0 0 0 0 1 0 0 0 0 0 0 0 1 0 0 0 0 0 0 0 0 0 0 0 0 0 0 0 0 0 0]
Objectifs : [15.303606524698107, 5]
Rang : 1

Individu : [0 0 0 1 0 0 0 0 0 0 0 0 0 0 0 0 0 0 0 0 0 0 0 0 0 0 0 0 0 0 0 0 0 0 0 0]
Objectifs : [49.54908318460585, 1]
Rang : 1

Individu : [1 0 1 0 0 0 1 0 0 1 0 0 1 1 1 0 1 1 0 1 1 0 0 0 0 0 1 0 0 0 0 0 1 0 1 0]
Objectifs : [10.5992393873985, 14]
Rang : 1

Individu : [1 0 0 0 0 0 0 0 0 0 0 0 0 0 0 0 0 0 0 0 0 1 0 1 1 1 0 0 0 0 0 0 1 0 0 0]
Objectifs : [14.207414882715529, 6]
Rang : 1

Individu : [0 1 1 0 0 0 1 1 1 1 1 1 1 1 1 0 1 1 0 1 1 1 1 1 1 0 1 1 0 1 1 1 1 1 1 1]
Objectifs : [9.568176367436312, 28]
Rang : 1

Individu : [0 0 0 0 0 0 0 0 1 0 1 0 0 1 0 0 0 0 0 0 0 0 0 1 0 0 0 0 0 0 0 0 0 0 0 0]
Objectifs : [16.269509775522728, 4]
Rang : 1

Individu : [0 0 1 0 1 0 0 1 1 1 0 1 0 1 1 0 0 1 1 0 1 0 0 1 1 0 1 0 0 0 0 0 0 0 0 1]
Objectifs : [10.115649246084029, 15]
Rang : 1

Individu : [0 0 0 0 0 0 1 0 1 0 0 0 0 0 0 0 0 1 0 0 0 0 0 0 0 0 0 0 0 0 0 0 0 0 0 0]
Objectifs : [17.848170262601347, 3]
Rang : 1

Individu : [0 1 1 0 1 0 0 0 0 1 0 1 0 0 0 0 0 1 0 0 1 0 0 1 0 0 0 0 1 1 1 1 0 0 0 0]
Objectifs : [11.018105819215902, 12]
Rang : 1

Individu : [1 0 0 1 1 0 0 0 0 1 0 0 0 0 0 0 0 1 0 0 0 0 0 0 0 0 0 0 0 0 0 0 0 0 0 0]
Objectifs : [15.303606524698107, 5]
Rang : 1

Individu : [0 0 0 1 0 0 0 0 0 0 0 0 0 0 0 0 0 0 0 0 0 0 0 0 0 0 0 0 0 0 0 0 0 0 0 0]
Objectifs : [49.54908318460585, 1]
Rang : 1

Individu : [1 0 1 0 0 0 1 0 0 1 0 0 1 1 1 0 1 1 0 1 1 0 0 0 0 0 1 0 0 0 0 0 1 0 1 0]
Objectifs : [10.5992393873985, 14]
Rang : 1

Individu : [1 1 1 1 0 0 1 0 1 1 0 1 1 0 1 1 1 1 1 1 1 1 1 1 0 0 1 1 0 1 1 1 1 1 0 1]
Objectifs : [9.600382486598953, 27]
Rang : 1

Individu : [1 0 0 0 0 0 0 0 0 0 0 0 0 0 0 0 0 0 0 0 0 1 0 1 1 1 0 0 0 0 0 0 1 0 0 0]
Objectifs : [14.207414882715529, 6]
Rang : 1

Individu : [0 1 1 0 0 0 1 1 1 1 1 1 1 1 1 0 1 1 0 1 1 1 1 1 1 0 1 1 0 1 1 1 1 1 1 1]
Objectifs : [9.568176367436312, 28]
Rang : 1

Individu : [0 0 0 0 0 0 0 0 1 0 1 0 0 1 0 0 0 0 0 0 0 0 0 1 0 0 0 0 0 0 0 0 0 0 0 0]
Objectifs : [16.269509775522728, 4]
Rang : 1

Individu : [0 0 1 0 1 0 0 1 1 1 0 1 0 1 1 0 0 1 1 0 1 0 0 1 1 0 1 0 0 0 0 0 0 0 0 1]
Objectifs : [10.115649246084029, 15]
Rang : 1

Individu : [0 0 0 0 0 0 1 0 1 0 0 0 0 0 0 0 0 1 0 0 0 0 0 0 0 0 0 0 0 0 0 0 0 0 0 0]
Objectifs : [17.848170262601347, 3]
Rang : 1

Individu : [0 1 1 0 1 0 0 0 0 1 0 1 0 0 0 0 0 1 0 0 1 0 0 1 0 0 0 0 1 1 1 1 0 0 0 0]
Objectifs : [11.018105819215902, 12]
Rang : 1

Individu : [1 0 0 1 1 0 0 0 0 1 0 0 0 0 0 0 0 1 0 0 0 0 0 0 0 0 0 0 0 0 0 0 0 0 0 0]
Objectifs : [15.303606524698107, 5]
Rang : 1

Individu : [0 0 0 1 0 0 0 0 0 0 0 0 0 0 0 0 0 0 0 0 0 0 0 0 0 0 0 0 0 0 0 0 0 0 0 0]
Objectifs : [49.54908318460585, 1]
Rang : 1

Individu : [1 0 1 0 0 0 1 0 0 1 0 0 1 1 1 0 1 1 0 1 1 0 0 0 0 0 1 0 0 0 0 0 1 0 1 0]
Objectifs : [10.5992393873985, 14]
Rang : 1

Individu : [0 0 0 1 0 0 0 0 0 0 1 1 1 1 0 0 1 0 0 1 1 1 1 1 0 0 1 0 0 0 0 0 0 0 0 0]
Objectifs : [11.21109335725432, 12]
Rang : 1

Individu : [1 1 1 1 0 0 1 0 1 1 0 1 1 0 1 1 1 1 1 1 1 1 1 1 0 0 1 1 0 1 1 1 1 1 0 1]
Objectifs : [9.600382486598953, 27]
Rang : 1

Individu : [1 0 0 0 0 0 0 0 0 0 0 0 0 0 0 0 0 0 0 0 0 1 0 1 1 1 0 0 0 0 0 0 1 0 0 0]
Objectifs : [14.207414882715529, 6]
Rang : 1

Individu : [0 1 1 0 0 0 1 1 1 1 1 1 1 1 1 0 1 1 0 1 1 1 1 1 1 0 1 1 0 1 1 1 1 1 1 1]
Objectifs : [9.568176367436312, 28]
Rang : 1

Individu : [0 0 0 0 0 0 0 0 1 0 1 0 0 1 0 0 0 0 0 0 0 0 0 1 0 0 0 0 0 0 0 0 0 0 0 0]
Objectifs : [16.269509775522728, 4]
Rang : 1

Individu : [0 0 1 0 1 0 0 1 1 1 0 1 0 1 1 0 0 1 1 0 1 0 0 1 1 0 1 0 0 0 0 0 0 0 0 1]
Objectifs : [10.115649246084029, 15]
Rang : 1

Individu : [0 0 0 0 0 0 1 0 1 0 0 0 0 0 0 0 0 1 0 0 0 0 0 0 0 0 0 0 0 0 0 0 0 0 0 0]
Objectifs : [17.848170262601347, 3]
Rang : 1

Individu : [0 1 1 0 1 0 0 0 0 1 0 1 0 0 0 0 0 1 0 0 1 0 0 1 0 0 0 0 1 1 1 1 0 0 0 0]
Objectifs : [11.018105819215902, 12]
Rang : 1

Individu : [1 0 0 1 1 0 0 0 0 1 0 0 0 0 0 0 0 1 0 0 0 0 0 0 0 0 0 0 0 0 0 0 0 0 0 0]
Objectifs : [15.303606524698107, 5]
Rang : 1

Individu : [0 0 0 1 0 0 0 0 0 0 0 0 0 0 0 0 0 0 0 0 0 0 0 0 0 0 0 0 0 0 0 0 0 0 0 0]
Objectifs : [49.54908318460585, 1]
Rang : 1

Individu : [1 0 1 0 0 0 1 0 0 1 0 0 1 1 1 0 1 1 0 1 1 0 0 0 0 0 1 0 0 0 0 0 1 0 1 0]
Objectifs : [10.5992393873985, 14]
Rang : 1

Individu : [0 1 0 0 1 0 0 1 1 1 1 0 0 0 0 0 1 0 0 1 0 1 0 1 0 0 1 0 0 1 0 0 1 0 0 0]
Objectifs : [11.018261554801795, 13]
Rang : 1

Individu : [1 1 1 1 0 0 1 0 1 1 0 1 1 0 1 1 1 1 1 1 1 1 1 1 0 0 1 1 0 1 1 1 1 1 0 1]
Objectifs : [9.600382486598953, 27]
Rang : 1

Individu : [0 1 0 1 1 1 0 1 1 1 1 1 1 1 0 1 1 1 1 0 1 1 1 1 1 1 1 1 1 1 0 0 1 1 1 1]
Objectifs : [9.471682598417104, 29]
Rang : 1

Individu : [1 0 0 0 0 0 0 0 0 0 0 0 0 0 0 0 0 0 0 0 0 1 0 1 1 1 0 0 0 0 0 0 1 0 0 0]
Objectifs : [14.207414882715529, 6]
Rang : 1

Individu : [0 1 1 0 0 0 1 1 1 1 1 1 1 1 1 0 1 1 0 1 1 1 1 1 1 0 1 1 0 1 1 1 1 1 1 1]
Objectifs : [9.568176367436312, 28]
Rang : 1

Individu : [0 0 0 0 0 0 0 0 1 0 1 0 0 1 0 0 0 0 0 0 0 0 0 1 0 0 0 0 0 0 0 0 0 0 0 0]
Objectifs : [16.269509775522728, 4]
Rang : 1

Individu : [0 0 1 0 1 0 0 1 1 1 0 1 0 1 1 0 0 1 1 0 1 0 0 1 1 0 1 0 0 0 0 0 0 0 0 1]
Objectifs : [10.115649246084029, 15]
Rang : 1

Individu : [0 0 0 0 0 0 1 0 1 0 0 0 0 0 0 0 0 1 0 0 0 0 0 0 0 0 0 0 0 0 0 0 0 0 0 0]
Objectifs : [17.848170262601347, 3]
Rang : 1

Individu : [0 1 1 0 1 0 0 0 0 1 0 1 0 0 0 0 0 1 0 0 1 0 0 1 0 0 0 0 1 1 1 1 0 0 0 0]
Objectifs : [11.018105819215902, 12]
Rang : 1

Individu : [1 0 0 1 1 0 0 0 0 1 0 0 0 0 0 0 0 1 0 0 0 0 0 0 0 0 0 0 0 0 0 0 0 0 0 0]
Objectifs : [15.303606524698107, 5]
Rang : 1

Individu : [0 0 0 1 0 0 0 0 0 0 0 0 0 0 0 0 0 0 0 0 0 0 0 0 0 0 0 0 0 0 0 0 0 0 0 0]
Objectifs : [49.54908318460585, 1]
Rang : 1

Individu : [1 0 1 0 0 0 1 0 0 1 0 0 1 1 1 0 1 1 0 1 1 0 0 0 0 0 1 0 0 0 0 0 1 0 1 0]
Objectifs : [10.5992393873985, 14]
Rang : 1

