Résultats pour la méthode 1:

Individu : [0 1 1 0 0 0 0 0 0 0 0 0 0 0 0 0 0 0 0 0 0 1 1 0 0 0 1 0 1 1]
Objectifs : [7.03083466241361, 7]
Rang : 1

Individu : [0 1 1 0 0 0 0 0 0 0 0 0 0 0 0 0 0 0 0 0 0 1 1 0 0 0 1 0 1 1]
Objectifs : [7.03083466241361, 7]
Rang : 1

Individu : [0 1 1 0 1 0 0 1 1 0 0 0 0 0 0 0 0 0 0 0 0 0 1 0 0 0 0 0 0 0]
Objectifs : [7.28146122882965, 6]
Rang : 1

Individu : [1 0 1 0 0 0 0 0 0 0 0 0 0 0 0 0 0 0 0 0 0 0 1 0 0 0 0 0 0 0]
Objectifs : [7.784613047770943, 3]
Rang : 1

Individu : [0 1 1 0 0 0 0 0 0 0 0 0 0 0 0 0 0 0 0 0 0 1 1 0 0 0 1 0 1 1]
Objectifs : [7.03083466241361, 7]
Rang : 1

Individu : [0 1 1 0 1 0 0 1 1 0 0 0 0 0 0 0 0 0 0 0 0 0 1 0 0 0 0 0 0 0]
Objectifs : [7.28146122882965, 6]
Rang : 1

Individu : [1 0 1 0 0 0 0 0 0 0 0 0 0 0 0 0 0 0 0 0 0 0 1 0 0 0 0 0 0 0]
Objectifs : [7.784613047770943, 3]
Rang : 1

Individu : [0 1 1 0 0 0 0 0 0 0 0 0 0 0 0 0 0 0 0 0 0 1 1 0 0 0 1 0 1 1]
Objectifs : [7.03083466241361, 7]
Rang : 1

Individu : [0 1 1 0 1 0 0 1 1 0 0 0 0 0 0 0 0 0 0 0 0 0 1 0 0 0 0 0 0 0]
Objectifs : [7.28146122882965, 6]
Rang : 1

Individu : [1 0 1 0 0 0 0 0 0 0 0 0 0 0 0 0 0 0 0 0 0 0 1 0 0 0 0 0 0 0]
Objectifs : [7.784613047770943, 3]
Rang : 1

Individu : [1 1 0 0 0 1 1 1 1 1 1 1 0 0 1 0 0 1 0 0 0 1 1 0 0 0 0 0 0 1]
Objectifs : [6.026429710640238, 14]
Rang : 1

Individu : [0 0 0 0 0 0 1 1 0 0 0 0 0 0 0 0 0 0 0 0 0 0 0 0 0 0 0 0 0 0]
Objectifs : [9.295967190704031, 2]
Rang : 1

Individu : [0 1 1 0 0 0 0 0 0 0 0 0 0 0 0 0 0 0 0 0 0 1 1 0 0 0 1 0 1 1]
Objectifs : [7.03083466241361, 7]
Rang : 1

Individu : [0 1 1 0 1 0 0 1 1 0 0 0 0 0 0 0 0 0 0 0 0 0 1 0 0 0 0 0 0 0]
Objectifs : [7.28146122882965, 6]
Rang : 1

Individu : [1 0 1 0 0 0 0 0 0 0 0 0 0 0 0 0 0 0 0 0 0 0 1 0 0 0 0 0 0 0]
Objectifs : [7.784613047770943, 3]
Rang : 1

Individu : [1 1 0 0 0 1 1 1 1 1 1 1 0 0 1 0 0 1 0 0 0 1 1 0 0 0 0 0 0 1]
Objectifs : [6.026429710640238, 14]
Rang : 1

Individu : [0 0 0 0 0 0 1 1 0 0 0 0 0 0 0 0 0 0 0 0 0 0 0 0 0 0 0 0 0 0]
Objectifs : [9.295967190704031, 2]
Rang : 1

Individu : [1 0 0 0 0 0 0 0 1 1 0 0 0 0 1 1 1 0 0 0 0 1 1 0 0 0 1 0 0 0]
Objectifs : [6.527682843472317, 9]
Rang : 1

Individu : [0 1 1 0 0 0 0 0 0 0 0 0 0 0 0 0 0 0 0 0 0 1 1 0 0 0 1 0 1 1]
Objectifs : [7.03083466241361, 7]
Rang : 1

Individu : [0 1 1 0 1 0 0 1 1 0 0 0 0 0 0 0 0 0 0 0 0 0 1 0 0 0 0 0 0 0]
Objectifs : [7.28146122882965, 6]
Rang : 1

Individu : [1 0 1 0 0 0 0 0 0 0 0 0 0 0 0 0 0 0 0 0 0 0 1 0 0 0 0 0 0 0]
Objectifs : [7.784613047770943, 3]
Rang : 1

Individu : [1 1 0 0 0 1 1 1 1 1 1 1 0 0 1 0 0 1 0 0 0 1 1 0 0 0 0 0 0 1]
Objectifs : [6.026429710640238, 14]
Rang : 1

Individu : [0 0 0 0 0 0 1 1 0 0 0 0 0 0 0 0 0 0 0 0 0 0 0 0 0 0 0 0 0 0]
Objectifs : [9.295967190704031, 2]
Rang : 1

Individu : [1 0 0 0 0 0 0 0 1 1 0 0 0 0 1 1 1 0 0 0 0 1 1 0 0 0 1 0 0 0]
Objectifs : [6.527682843472317, 9]
Rang : 1

Individu : [0 1 1 0 0 0 0 0 0 0 0 0 0 0 0 0 0 0 0 0 0 1 1 0 0 0 1 0 1 1]
Objectifs : [7.03083466241361, 7]
Rang : 1

Individu : [0 1 1 0 1 0 0 1 1 0 0 0 0 0 0 0 0 0 0 0 0 0 1 0 0 0 0 0 0 0]
Objectifs : [7.28146122882965, 6]
Rang : 1

Individu : [1 0 1 0 0 0 0 0 0 0 0 0 0 0 0 0 0 0 0 0 0 0 1 0 0 0 0 0 0 0]
Objectifs : [7.784613047770943, 3]
Rang : 1

Individu : [1 1 0 0 0 1 1 1 1 1 1 1 0 0 1 0 0 1 0 0 0 1 1 0 0 0 0 0 0 1]
Objectifs : [6.026429710640238, 14]
Rang : 1

Individu : [0 0 0 0 0 0 1 1 0 0 0 0 0 0 0 0 0 0 0 0 0 0 0 0 0 0 0 0 0 0]
Objectifs : [9.295967190704031, 2]
Rang : 1

Individu : [1 0 0 0 0 0 0 0 1 1 0 0 0 0 1 1 1 0 0 0 0 1 1 0 0 0 1 0 0 0]
Objectifs : [6.527682843472317, 9]
Rang : 1

Individu : [0 1 1 0 0 0 0 0 0 0 0 0 0 0 0 0 0 0 0 0 0 1 1 0 0 0 1 0 1 1]
Objectifs : [7.03083466241361, 7]
Rang : 1

Individu : [0 1 1 0 1 0 0 1 1 0 0 0 0 0 0 0 0 0 0 0 0 0 1 0 0 0 0 0 0 0]
Objectifs : [7.28146122882965, 6]
Rang : 1

Individu : [1 0 1 0 0 0 0 0 0 0 0 0 0 0 0 0 0 0 0 0 0 0 1 0 0 0 0 0 0 0]
Objectifs : [7.784613047770943, 3]
Rang : 1

Individu : [1 1 0 0 0 1 1 1 1 1 1 1 0 0 1 0 0 1 0 0 0 1 1 0 0 0 0 0 0 1]
Objectifs : [6.026429710640238, 14]
Rang : 1

Individu : [0 0 0 0 0 0 1 1 0 0 0 0 0 0 0 0 0 0 0 0 0 0 0 0 0 0 0 0 0 0]
Objectifs : [9.295967190704031, 2]
Rang : 1

Individu : [1 0 0 0 0 0 0 0 1 1 0 0 0 0 1 1 1 0 0 0 0 1 1 0 0 0 1 0 0 0]
Objectifs : [6.527682843472317, 9]
Rang : 1

Individu : [0 1 1 0 0 0 0 0 0 0 0 0 0 0 0 0 0 0 0 0 0 1 1 0 0 0 1 0 1 1]
Objectifs : [7.03083466241361, 7]
Rang : 1

Individu : [0 1 1 0 1 0 0 1 1 0 0 0 0 0 0 0 0 0 0 0 0 0 1 0 0 0 0 0 0 0]
Objectifs : [7.28146122882965, 6]
Rang : 1

Individu : [1 0 1 0 0 0 0 0 0 0 0 0 0 0 0 0 0 0 0 0 0 0 1 0 0 0 0 0 0 0]
Objectifs : [7.784613047770943, 3]
Rang : 1

Individu : [1 1 0 0 0 1 1 1 1 1 1 1 0 0 1 0 0 1 0 0 0 1 1 0 0 0 0 0 0 1]
Objectifs : [6.026429710640238, 14]
Rang : 1

Individu : [0 0 0 0 0 0 1 1 0 0 0 0 0 0 0 0 0 0 0 0 0 0 0 0 0 0 0 0 0 0]
Objectifs : [9.295967190704031, 2]
Rang : 1

Individu : [1 0 0 0 0 0 0 0 1 1 0 0 0 0 1 1 1 0 0 0 0 1 1 0 0 0 1 0 0 0]
Objectifs : [6.527682843472317, 9]
Rang : 1

Individu : [1 1 0 0 1 1 1 1 0 0 1 1 0 0 1 0 0 1 0 1 0 1 1 0 1 1 0 1 0 1]
Objectifs : [6.026429710640238, 17]
Rang : 1

Individu : [0 0 0 0 0 0 0 1 0 0 0 0 0 0 0 1 0 0 0 0 0 0 0 0 0 0 0 0 0 0]
Objectifs : [11.05415052783474, 2]
Rang : 1

Individu : [0 0 0 0 0 0 1 0 0 0 0 0 0 0 0 0 0 0 0 0 0 0 0 0 0 0 0 0 0 0]
Objectifs : [13.319283056125162, 1]
Rang : 1

Individu : [0 1 1 0 0 0 0 0 0 0 0 0 0 0 0 0 0 0 0 0 0 1 1 0 0 0 1 0 1 1]
Objectifs : [7.03083466241361, 7]
Rang : 1

Individu : [0 1 1 0 1 0 0 1 1 0 0 0 0 0 0 0 0 0 0 0 0 0 1 0 0 0 0 0 0 0]
Objectifs : [7.28146122882965, 6]
Rang : 1

Individu : [1 0 1 0 0 0 0 0 0 0 0 0 0 0 0 0 0 0 0 0 0 0 1 0 0 0 0 0 0 0]
Objectifs : [7.784613047770943, 3]
Rang : 1

Individu : [1 1 0 0 0 1 1 1 1 1 1 1 0 0 1 0 0 1 0 0 0 1 1 0 0 0 0 0 0 1]
Objectifs : [6.026429710640238, 14]
Rang : 1

Individu : [0 0 0 0 0 0 1 1 0 0 0 0 0 0 0 0 0 0 0 0 0 0 0 0 0 0 0 0 0 0]
Objectifs : [9.295967190704031, 2]
Rang : 1

Individu : [1 0 0 0 0 0 0 0 1 1 0 0 0 0 1 1 1 0 0 0 0 1 1 0 0 0 1 0 0 0]
Objectifs : [6.527682843472317, 9]
Rang : 1

Individu : [1 1 1 0 1 0 1 0 1 0 1 1 1 1 1 1 0 0 0 0 0 1 1 0 0 1 0 0 0 0]
Objectifs : [6.275157590947064, 15]
Rang : 1

Individu : [0 0 0 0 0 0 1 0 0 0 0 0 0 0 0 0 0 0 0 0 0 0 0 0 0 0 0 0 0 0]
Objectifs : [13.319283056125162, 1]
Rang : 1

Individu : [0 1 1 0 0 0 0 0 0 0 0 0 0 0 0 0 0 0 0 0 0 1 1 0 0 0 1 0 1 1]
Objectifs : [7.03083466241361, 7]
Rang : 1

Individu : [0 1 1 0 1 0 0 1 1 0 0 0 0 0 0 0 0 0 0 0 0 0 1 0 0 0 0 0 0 0]
Objectifs : [7.28146122882965, 6]
Rang : 1

Individu : [1 0 1 0 0 0 0 0 0 0 0 0 0 0 0 0 0 0 0 0 0 0 1 0 0 0 0 0 0 0]
Objectifs : [7.784613047770943, 3]
Rang : 1

Individu : [1 1 0 0 0 1 1 1 1 1 1 1 0 0 1 0 0 1 0 0 0 1 1 0 0 0 0 0 0 1]
Objectifs : [6.026429710640238, 14]
Rang : 1

Individu : [0 0 0 0 0 0 1 1 0 0 0 0 0 0 0 0 0 0 0 0 0 0 0 0 0 0 0 0 0 0]
Objectifs : [9.295967190704031, 2]
Rang : 1

Individu : [1 0 0 0 0 0 0 0 1 1 0 0 0 0 1 1 1 0 0 0 0 1 1 0 0 0 1 0 0 0]
Objectifs : [6.527682843472317, 9]
Rang : 1

Individu : [0 0 0 0 0 0 1 0 0 0 0 0 0 0 0 0 0 0 0 0 0 0 0 0 0 0 0 0 0 0]
Objectifs : [13.319283056125162, 1]
Rang : 1

Individu : [0 0 0 0 1 0 1 1 0 1 0 0 0 0 0 0 0 0 0 0 0 0 0 0 1 0 0 0 0 0]
Objectifs : [8.037138300296194, 5]
Rang : 1

Individu : [1 0 0 0 0 0 1 0 0 0 0 0 1 0 0 1 0 0 0 0 0 0 1 0 0 0 0 0 0 0]
Objectifs : [8.037138300296194, 5]
Rang : 1

Individu : [0 1 1 0 0 0 0 0 0 0 0 0 0 0 0 0 0 0 0 0 0 1 1 0 0 0 1 0 1 1]
Objectifs : [7.03083466241361, 7]
Rang : 1

Individu : [0 1 1 0 1 0 0 1 1 0 0 0 0 0 0 0 0 0 0 0 0 0 1 0 0 0 0 0 0 0]
Objectifs : [7.28146122882965, 6]
Rang : 1

Individu : [1 0 1 0 0 0 0 0 0 0 0 0 0 0 0 0 0 0 0 0 0 0 1 0 0 0 0 0 0 0]
Objectifs : [7.784613047770943, 3]
Rang : 1

Individu : [1 1 0 0 0 1 1 1 1 1 1 1 0 0 1 0 0 1 0 0 0 1 1 0 0 0 0 0 0 1]
Objectifs : [6.026429710640238, 14]
Rang : 1

Individu : [0 0 0 0 0 0 1 1 0 0 0 0 0 0 0 0 0 0 0 0 0 0 0 0 0 0 0 0 0 0]
Objectifs : [9.295967190704031, 2]
Rang : 1

Individu : [1 0 0 0 0 0 0 0 1 1 0 0 0 0 1 1 1 0 0 0 0 1 1 0 0 0 1 0 0 0]
Objectifs : [6.527682843472317, 9]
Rang : 1

Individu : [0 0 0 0 0 0 1 0 0 0 0 0 0 0 0 0 0 0 0 0 0 0 0 0 0 0 0 0 0 0]
Objectifs : [13.319283056125162, 1]
Rang : 1

Individu : [0 1 1 0 0 0 0 0 0 0 0 0 0 0 0 0 0 0 0 0 0 1 1 0 0 0 1 0 1 1]
Objectifs : [7.03083466241361, 7]
Rang : 1

Individu : [0 1 1 0 1 0 0 1 1 0 0 0 0 0 0 0 0 0 0 0 0 0 1 0 0 0 0 0 0 0]
Objectifs : [7.28146122882965, 6]
Rang : 1

Individu : [1 0 1 0 0 0 0 0 0 0 0 0 0 0 0 0 0 0 0 0 0 0 1 0 0 0 0 0 0 0]
Objectifs : [7.784613047770943, 3]
Rang : 1

Individu : [1 1 0 0 0 1 1 1 1 1 1 1 0 0 1 0 0 1 0 0 0 1 1 0 0 0 0 0 0 1]
Objectifs : [6.026429710640238, 14]
Rang : 1

Individu : [0 0 0 0 0 0 1 1 0 0 0 0 0 0 0 0 0 0 0 0 0 0 0 0 0 0 0 0 0 0]
Objectifs : [9.295967190704031, 2]
Rang : 1

Individu : [1 0 0 0 0 0 0 0 1 1 0 0 0 0 1 1 1 0 0 0 0 1 1 0 0 0 1 0 0 0]
Objectifs : [6.527682843472317, 9]
Rang : 1

Individu : [0 0 0 0 0 0 1 0 0 0 0 0 0 0 0 0 0 0 0 0 0 0 0 0 0 0 0 0 0 0]
Objectifs : [13.319283056125162, 1]
Rang : 1

Individu : [0 1 1 0 0 0 0 0 0 0 0 0 0 0 0 0 0 0 0 0 0 1 1 0 0 0 1 0 1 1]
Objectifs : [7.03083466241361, 7]
Rang : 1

Individu : [0 1 1 0 1 0 0 1 1 0 0 0 0 0 0 0 0 0 0 0 0 0 1 0 0 0 0 0 0 0]
Objectifs : [7.28146122882965, 6]
Rang : 1

Individu : [1 0 1 0 0 0 0 0 0 0 0 0 0 0 0 0 0 0 0 0 0 0 1 0 0 0 0 0 0 0]
Objectifs : [7.784613047770943, 3]
Rang : 1

Individu : [1 1 0 0 0 1 1 1 1 1 1 1 0 0 1 0 0 1 0 0 0 1 1 0 0 0 0 0 0 1]
Objectifs : [6.026429710640238, 14]
Rang : 1

Individu : [0 0 0 0 0 0 1 1 0 0 0 0 0 0 0 0 0 0 0 0 0 0 0 0 0 0 0 0 0 0]
Objectifs : [9.295967190704031, 2]
Rang : 1

Individu : [1 0 0 0 0 0 0 0 1 1 0 0 0 0 1 1 1 0 0 0 0 1 1 0 0 0 1 0 0 0]
Objectifs : [6.527682843472317, 9]
Rang : 1

Individu : [0 0 0 0 0 0 1 0 0 0 0 0 0 0 0 0 0 0 0 0 0 0 0 0 0 0 0 0 0 0]
Objectifs : [13.319283056125162, 1]
Rang : 1

Individu : [0 1 1 0 0 0 0 0 0 0 0 0 0 0 0 0 0 0 0 0 0 1 1 0 0 0 1 0 1 1]
Objectifs : [7.03083466241361, 7]
Rang : 1

Individu : [0 1 1 0 1 0 0 1 1 0 0 0 0 0 0 0 0 0 0 0 0 0 1 0 0 0 0 0 0 0]
Objectifs : [7.28146122882965, 6]
Rang : 1

Individu : [1 0 1 0 0 0 0 0 0 0 0 0 0 0 0 0 0 0 0 0 0 0 1 0 0 0 0 0 0 0]
Objectifs : [7.784613047770943, 3]
Rang : 1

Individu : [1 1 0 0 0 1 1 1 1 1 1 1 0 0 1 0 0 1 0 0 0 1 1 0 0 0 0 0 0 1]
Objectifs : [6.026429710640238, 14]
Rang : 1

Individu : [0 0 0 0 0 0 1 1 0 0 0 0 0 0 0 0 0 0 0 0 0 0 0 0 0 0 0 0 0 0]
Objectifs : [9.295967190704031, 2]
Rang : 1

Individu : [1 0 0 0 0 0 0 0 1 1 0 0 0 0 1 1 1 0 0 0 0 1 1 0 0 0 1 0 0 0]
Objectifs : [6.527682843472317, 9]
Rang : 1

Individu : [0 0 0 0 0 0 1 0 0 0 0 0 0 0 0 0 0 0 0 0 0 0 0 0 0 0 0 0 0 0]
Objectifs : [13.319283056125162, 1]
Rang : 1

Individu : [0 1 0 1 0 0 0 0 0 0 0 0 0 0 0 0 0 0 0 0 0 0 0 0 0 0 0 0 0 0]
Objectifs : [13.81294144452039, 2]
Rang : 1

Individu : [0 0 0 1 0 0 0 0 0 0 0 0 0 0 0 0 0 0 0 0 0 0 0 0 0 0 0 0 0 0]
Objectifs : [17.581833371307056, 1]
Rang : 1

Individu : [0 1 1 0 0 0 0 0 0 0 0 0 0 0 0 0 0 0 0 0 0 1 1 0 0 0 1 0 1 1]
Objectifs : [7.03083466241361, 7]
Rang : 1

Individu : [0 1 1 0 1 0 0 1 1 0 0 0 0 0 0 0 0 0 0 0 0 0 1 0 0 0 0 0 0 0]
Objectifs : [7.28146122882965, 6]
Rang : 1

Individu : [1 0 1 0 0 0 0 0 0 0 0 0 0 0 0 0 0 0 0 0 0 0 1 0 0 0 0 0 0 0]
Objectifs : [7.784613047770943, 3]
Rang : 1

Individu : [1 1 0 0 0 1 1 1 1 1 1 1 0 0 1 0 0 1 0 0 0 1 1 0 0 0 0 0 0 1]
Objectifs : [6.026429710640238, 14]
Rang : 1

Individu : [0 0 0 0 0 0 1 1 0 0 0 0 0 0 0 0 0 0 0 0 0 0 0 0 0 0 0 0 0 0]
Objectifs : [9.295967190704031, 2]
Rang : 1

Individu : [1 0 0 0 0 0 0 0 1 1 0 0 0 0 1 1 1 0 0 0 0 1 1 0 0 0 1 0 0 0]
Objectifs : [6.527682843472317, 9]
Rang : 1

Individu : [0 0 0 0 0 0 1 0 0 0 0 0 0 0 0 0 0 0 0 0 0 0 0 0 0 0 0 0 0 0]
Objectifs : [13.319283056125162, 1]
Rang : 1

Individu : [0 1 1 0 1 1 0 0 1 0 1 0 1 1 0 0 0 0 0 0 0 1 1 0 1 0 0 0 0 0]
Objectifs : [6.275157590947064, 11]
Rang : 1

