Résultats pour la méthode 3:

Individu : [0 1 0 1 1 0 0 1 1 0 0 0 0 0 1 1 1 1 0 0 0 1 0 1 1 1 0 0 0 0 0 0 1 1 1 0]
Objectifs : [10.083536568272923, 16]
Rang : 1

Individu : [0 1 0 1 1 1 0 1 1 1 0 1 0 1 1 1 1 1 1 0 1 1 1 1 1 1 1 1 0 0 0 0 1 1 0 1]
Objectifs : [9.503670687759495, 25]
Rang : 1

Individu : [1 0 0 0 0 0 0 0 0 0 0 0 0 0 0 0 0 0 0 0 0 0 0 0 0 0 0 0 0 0 0 0 0 0 0 0]
Objectifs : [49.93452875969065, 1]
Rang : 1

Individu : [0 1 0 0 1 0 0 0 0 0 0 0 0 0 0 1 1 1 0 0 0 1 0 0 0 0 0 0 0 0 0 1 0 0 0 0]
Objectifs : [11.951958686463774, 7]
Rang : 1

Individu : [0 1 0 1 1 0 0 1 1 0 0 0 0 0 1 1 1 1 0 0 0 1 0 1 1 1 0 0 0 0 0 0 1 1 1 0]
Objectifs : [10.083536568272923, 16]
Rang : 1

Individu : [0 1 0 1 1 1 0 1 1 1 0 1 0 1 1 1 1 1 1 0 1 1 1 1 1 1 1 1 0 0 0 0 1 1 0 1]
Objectifs : [9.503670687759495, 25]
Rang : 1

Individu : [1 0 0 0 0 0 0 0 0 0 0 0 0 0 0 0 0 0 0 0 0 0 0 0 0 0 0 0 0 0 0 0 0 0 0 0]
Objectifs : [49.93452875969065, 1]
Rang : 1

Individu : [0 1 0 0 1 0 0 0 0 0 0 0 0 0 0 1 1 1 0 0 0 1 0 0 0 0 0 0 0 0 0 1 0 0 0 0]
Objectifs : [11.951958686463774, 7]
Rang : 1

Individu : [0 0 0 0 0 0 0 0 0 0 1 0 1 0 0 0 0 1 1 0 0 1 0 0 0 0 0 0 0 0 0 0 0 0 0 0]
Objectifs : [15.399570792725278, 5]
Rang : 1

Individu : [0 1 0 1 1 0 0 1 1 0 0 0 0 0 1 1 1 1 0 0 0 1 0 1 1 1 0 0 0 0 0 0 1 1 1 0]
Objectifs : [10.083536568272923, 16]
Rang : 1

Individu : [0 1 0 1 1 1 0 1 1 1 0 1 0 1 1 1 1 1 1 0 1 1 1 1 1 1 1 1 0 0 0 0 1 1 0 1]
Objectifs : [9.503670687759495, 25]
Rang : 1

Individu : [1 0 0 0 0 0 0 0 0 0 0 0 0 0 0 0 0 0 0 0 0 0 0 0 0 0 0 0 0 0 0 0 0 0 0 0]
Objectifs : [49.93452875969065, 1]
Rang : 1

Individu : [0 1 0 0 1 0 0 0 0 0 0 0 0 0 0 1 1 1 0 0 0 1 0 0 0 0 0 0 0 0 0 1 0 0 0 0]
Objectifs : [11.951958686463774, 7]
Rang : 1

Individu : [0 0 0 0 0 0 0 0 0 0 1 0 1 0 0 0 0 1 1 0 0 1 0 0 0 0 0 0 0 0 0 0 0 0 0 0]
Objectifs : [15.399570792725278, 5]
Rang : 1

Individu : [0 0 0 0 0 0 0 0 0 0 0 0 0 1 0 0 0 0 0 0 1 0 0 0 0 0 0 0 0 0 0 0 0 0 0 0]
Objectifs : [24.162158121455068, 2]
Rang : 1

Individu : [0 1 0 1 1 0 0 1 1 0 0 0 0 0 1 1 1 1 0 0 0 1 0 1 1 1 0 0 0 0 0 0 1 1 1 0]
Objectifs : [10.083536568272923, 16]
Rang : 1

Individu : [0 1 0 1 1 1 0 1 1 1 0 1 0 1 1 1 1 1 1 0 1 1 1 1 1 1 1 1 0 0 0 0 1 1 0 1]
Objectifs : [9.503670687759495, 25]
Rang : 1

Individu : [1 0 0 0 0 0 0 0 0 0 0 0 0 0 0 0 0 0 0 0 0 0 0 0 0 0 0 0 0 0 0 0 0 0 0 0]
Objectifs : [49.93452875969065, 1]
Rang : 1

Individu : [0 1 0 0 1 0 0 0 0 0 0 0 0 0 0 1 1 1 0 0 0 1 0 0 0 0 0 0 0 0 0 1 0 0 0 0]
Objectifs : [11.951958686463774, 7]
Rang : 1

Individu : [0 0 0 0 0 0 0 0 0 0 1 0 1 0 0 0 0 1 1 0 0 1 0 0 0 0 0 0 0 0 0 0 0 0 0 0]
Objectifs : [15.399570792725278, 5]
Rang : 1

Individu : [0 0 0 0 0 0 0 0 0 0 0 0 0 1 0 0 0 0 0 0 1 0 0 0 0 0 0 0 0 0 0 0 0 0 0 0]
Objectifs : [24.162158121455068, 2]
Rang : 1

Individu : [0 1 0 1 1 0 0 1 1 0 0 0 0 0 1 1 1 1 0 0 0 1 0 1 1 1 0 0 0 0 0 0 1 1 1 0]
Objectifs : [10.083536568272923, 16]
Rang : 1

Individu : [0 1 0 1 1 1 0 1 1 1 0 1 0 1 1 1 1 1 1 0 1 1 1 1 1 1 1 1 0 0 0 0 1 1 0 1]
Objectifs : [9.503670687759495, 25]
Rang : 1

Individu : [1 0 0 0 0 0 0 0 0 0 0 0 0 0 0 0 0 0 0 0 0 0 0 0 0 0 0 0 0 0 0 0 0 0 0 0]
Objectifs : [49.93452875969065, 1]
Rang : 1

Individu : [0 1 0 0 1 0 0 0 0 0 0 0 0 0 0 1 1 1 0 0 0 1 0 0 0 0 0 0 0 0 0 1 0 0 0 0]
Objectifs : [11.951958686463774, 7]
Rang : 1

Individu : [0 0 0 0 0 0 0 0 0 0 1 0 1 0 0 0 0 1 1 0 0 1 0 0 0 0 0 0 0 0 0 0 0 0 0 0]
Objectifs : [15.399570792725278, 5]
Rang : 1

Individu : [0 1 1 1 1 1 0 1 0 0 0 1 0 0 0 1 1 1 1 1 0 1 0 1 1 0 0 1 0 1 0 0 1 0 0 1]
Objectifs : [10.212454486275023, 19]
Rang : 1

Individu : [0 0 0 0 0 0 0 0 0 0 0 1 0 0 0 0 0 0 0 0 0 0 0 0 0 0 0 0 0 0 0 0 0 0 0 0]
Objectifs : [50.129572007462855, 1]
Rang : 1

Individu : [0 0 0 0 0 0 0 0 0 0 0 0 0 1 0 0 0 0 0 0 1 0 0 0 0 0 0 0 0 0 0 0 0 0 0 0]
Objectifs : [24.162158121455068, 2]
Rang : 1

Individu : [0 0 0 1 1 0 0 0 0 0 0 0 0 1 0 0 0 0 0 0 0 0 0 0 0 0 0 0 0 0 0 0 0 0 0 0]
Objectifs : [19.136975677216196, 3]
Rang : 1

Individu : [1 0 0 1 0 0 0 0 0 0 1 0 0 0 1 1 1 1 0 1 1 1 0 0 0 0 0 0 0 0 0 1 0 0 0 0]
Objectifs : [10.470228028044865, 11]
Rang : 1

Individu : [0 1 0 1 1 0 0 1 1 0 0 0 0 0 1 1 1 1 0 0 0 1 0 1 1 1 0 0 0 0 0 0 1 1 1 0]
Objectifs : [10.083536568272923, 16]
Rang : 1

Individu : [0 1 0 1 1 1 0 1 1 1 0 1 0 1 1 1 1 1 1 0 1 1 1 1 1 1 1 1 0 0 0 0 1 1 0 1]
Objectifs : [9.503670687759495, 25]
Rang : 1

Individu : [1 0 0 0 0 0 0 0 0 0 0 0 0 0 0 0 0 0 0 0 0 0 0 0 0 0 0 0 0 0 0 0 0 0 0 0]
Objectifs : [49.93452875969065, 1]
Rang : 1

Individu : [0 1 0 0 1 0 0 0 0 0 0 0 0 0 0 1 1 1 0 0 0 1 0 0 0 0 0 0 0 0 0 1 0 0 0 0]
Objectifs : [11.951958686463774, 7]
Rang : 1

Individu : [0 0 0 0 0 0 0 0 0 0 1 0 1 0 0 0 0 1 1 0 0 1 0 0 0 0 0 0 0 0 0 0 0 0 0 0]
Objectifs : [15.399570792725278, 5]
Rang : 1

Individu : [0 0 0 0 0 0 0 0 0 0 0 0 0 1 0 0 0 0 0 0 1 0 0 0 0 0 0 0 0 0 0 0 0 0 0 0]
Objectifs : [24.162158121455068, 2]
Rang : 1

Individu : [1 1 0 0 0 1 0 0 0 0 0 0 0 1 0 0 0 0 0 0 0 1 0 1 0 0 0 1 0 0 0 0 0 0 0 0]
Objectifs : [12.951127058435109, 7]
Rang : 1

Individu : [0 0 0 1 1 0 0 0 0 0 0 0 0 1 0 0 0 0 0 0 0 0 0 0 0 0 0 0 0 0 0 0 0 0 0 0]
Objectifs : [19.136975677216196, 3]
Rang : 1

Individu : [1 0 0 1 0 0 0 0 0 0 1 0 0 0 1 1 1 1 0 1 1 1 0 0 0 0 0 0 0 0 0 1 0 0 0 0]
Objectifs : [10.470228028044865, 11]
Rang : 1

Individu : [0 1 0 0 0 1 0 0 1 1 1 1 0 1 0 1 0 1 0 1 1 1 1 1 1 0 1 0 1 1 1 0 1 0 1 1]
Objectifs : [9.955054709911325, 22]
Rang : 1

Individu : [0 1 0 1 1 0 0 1 1 0 0 0 0 0 1 1 1 1 0 0 0 1 0 1 1 1 0 0 0 0 0 0 1 1 1 0]
Objectifs : [10.083536568272923, 16]
Rang : 1

Individu : [0 1 0 1 1 1 0 1 1 1 0 1 0 1 1 1 1 1 1 0 1 1 1 1 1 1 1 1 0 0 0 0 1 1 0 1]
Objectifs : [9.503670687759495, 25]
Rang : 1

Individu : [1 0 0 0 0 0 0 0 0 0 0 0 0 0 0 0 0 0 0 0 0 0 0 0 0 0 0 0 0 0 0 0 0 0 0 0]
Objectifs : [49.93452875969065, 1]
Rang : 1

Individu : [0 1 0 0 1 0 0 0 0 0 0 0 0 0 0 1 1 1 0 0 0 1 0 0 0 0 0 0 0 0 0 1 0 0 0 0]
Objectifs : [11.951958686463774, 7]
Rang : 1

Individu : [0 0 0 0 0 0 0 0 0 0 1 0 1 0 0 0 0 1 1 0 0 1 0 0 0 0 0 0 0 0 0 0 0 0 0 0]
Objectifs : [15.399570792725278, 5]
Rang : 1

Individu : [0 0 0 0 0 0 0 0 0 0 0 0 0 1 0 0 0 0 0 0 1 0 0 0 0 0 0 0 0 0 0 0 0 0 0 0]
Objectifs : [24.162158121455068, 2]
Rang : 1

Individu : [0 0 0 1 1 0 0 0 0 0 0 0 0 1 0 0 0 0 0 0 0 0 0 0 0 0 0 0 0 0 0 0 0 0 0 0]
Objectifs : [19.136975677216196, 3]
Rang : 1

Individu : [1 0 0 1 0 0 0 0 0 0 1 0 0 0 1 1 1 1 0 1 1 1 0 0 0 0 0 0 0 0 0 1 0 0 0 0]
Objectifs : [10.470228028044865, 11]
Rang : 1

Individu : [0 1 0 0 0 1 0 0 1 1 1 1 0 1 0 1 0 1 0 1 1 1 1 1 1 0 1 0 1 1 1 0 1 0 1 1]
Objectifs : [9.955054709911325, 22]
Rang : 1

Individu : [1 1 1 0 0 1 0 1 1 1 1 1 0 1 1 0 1 1 0 1 1 1 1 1 1 1 1 1 1 0 0 1 1 1 1 1]
Objectifs : [9.149372229853265, 28]
Rang : 1

Individu : [0 1 0 0 0 0 0 0 0 1 0 1 0 1 0 0 1 0 0 0 0 0 0 0 0 0 0 0 0 0 0 1 0 0 0 0]
Objectifs : [13.788891069187093, 6]
Rang : 1

Individu : [0 1 0 1 1 0 0 1 1 0 0 0 0 0 1 1 1 1 0 0 0 1 0 1 1 1 0 0 0 0 0 0 1 1 1 0]
Objectifs : [10.083536568272923, 16]
Rang : 1

Individu : [0 1 0 1 1 1 0 1 1 1 0 1 0 1 1 1 1 1 1 0 1 1 1 1 1 1 1 1 0 0 0 0 1 1 0 1]
Objectifs : [9.503670687759495, 25]
Rang : 1

Individu : [1 0 0 0 0 0 0 0 0 0 0 0 0 0 0 0 0 0 0 0 0 0 0 0 0 0 0 0 0 0 0 0 0 0 0 0]
Objectifs : [49.93452875969065, 1]
Rang : 1

Individu : [0 1 0 0 1 0 0 0 0 0 0 0 0 0 0 1 1 1 0 0 0 1 0 0 0 0 0 0 0 0 0 1 0 0 0 0]
Objectifs : [11.951958686463774, 7]
Rang : 1

Individu : [0 0 0 0 0 0 0 0 0 0 1 0 1 0 0 0 0 1 1 0 0 1 0 0 0 0 0 0 0 0 0 0 0 0 0 0]
Objectifs : [15.399570792725278, 5]
Rang : 1

Individu : [0 0 0 0 0 0 0 0 0 0 0 0 0 1 0 0 0 0 0 0 1 0 0 0 0 0 0 0 0 0 0 0 0 0 0 0]
Objectifs : [24.162158121455068, 2]
Rang : 1

Individu : [0 0 0 1 1 0 0 0 0 0 0 0 0 1 0 0 0 0 0 0 0 0 0 0 0 0 0 0 0 0 0 0 0 0 0 0]
Objectifs : [19.136975677216196, 3]
Rang : 1

Individu : [1 0 0 1 0 0 0 0 0 0 1 0 0 0 1 1 1 1 0 1 1 1 0 0 0 0 0 0 0 0 0 1 0 0 0 0]
Objectifs : [10.470228028044865, 11]
Rang : 1

Individu : [0 1 0 0 0 1 0 0 1 1 1 1 0 1 0 1 0 1 0 1 1 1 1 1 1 0 1 0 1 1 1 0 1 0 1 1]
Objectifs : [9.955054709911325, 22]
Rang : 1

Individu : [0 1 1 0 1 0 0 0 1 0 0 1 1 0 1 1 1 0 1 1 1 1 1 1 1 1 0 1 0 1 0 0 0 0 0 0]
Objectifs : [10.47010343957615, 19]
Rang : 1

Individu : [1 1 1 0 0 1 0 1 1 1 1 1 0 1 1 0 1 1 0 1 1 1 1 1 1 1 1 1 1 0 0 1 1 1 1 1]
Objectifs : [9.149372229853265, 28]
Rang : 1

Individu : [0 1 0 0 0 0 0 0 0 1 0 1 0 1 0 0 1 0 0 0 0 0 0 0 0 0 0 0 0 0 0 1 0 0 0 0]
Objectifs : [13.788891069187093, 6]
Rang : 1

Individu : [0 0 0 0 1 0 0 0 0 0 0 0 0 0 0 0 0 0 0 0 0 0 0 0 0 0 0 0 0 0 0 0 0 0 0 0]
Objectifs : [50.90136642403063, 1]
Rang : 1

Individu : [1 1 1 1 0 0 0 0 1 0 1 1 1 1 1 0 1 1 1 1 1 1 1 1 1 0 1 1 1 1 0 1 1 0 0 1]
Objectifs : [9.181547201898727, 26]
Rang : 1

Individu : [0 1 0 1 1 0 0 1 1 0 0 0 0 0 1 1 1 1 0 0 0 1 0 1 1 1 0 0 0 0 0 0 1 1 1 0]
Objectifs : [10.083536568272923, 16]
Rang : 1

Individu : [0 1 0 1 1 1 0 1 1 1 0 1 0 1 1 1 1 1 1 0 1 1 1 1 1 1 1 1 0 0 0 0 1 1 0 1]
Objectifs : [9.503670687759495, 25]
Rang : 1

Individu : [1 0 0 0 0 0 0 0 0 0 0 0 0 0 0 0 0 0 0 0 0 0 0 0 0 0 0 0 0 0 0 0 0 0 0 0]
Objectifs : [49.93452875969065, 1]
Rang : 1

Individu : [0 1 0 0 1 0 0 0 0 0 0 0 0 0 0 1 1 1 0 0 0 1 0 0 0 0 0 0 0 0 0 1 0 0 0 0]
Objectifs : [11.951958686463774, 7]
Rang : 1

Individu : [0 0 0 0 0 0 0 0 0 0 1 0 1 0 0 0 0 1 1 0 0 1 0 0 0 0 0 0 0 0 0 0 0 0 0 0]
Objectifs : [15.399570792725278, 5]
Rang : 1

Individu : [0 0 0 0 0 0 0 0 0 0 0 0 0 1 0 0 0 0 0 0 1 0 0 0 0 0 0 0 0 0 0 0 0 0 0 0]
Objectifs : [24.162158121455068, 2]
Rang : 1

Individu : [0 0 0 1 1 0 0 0 0 0 0 0 0 1 0 0 0 0 0 0 0 0 0 0 0 0 0 0 0 0 0 0 0 0 0 0]
Objectifs : [19.136975677216196, 3]
Rang : 1

Individu : [1 0 0 1 0 0 0 0 0 0 1 0 0 0 1 1 1 1 0 1 1 1 0 0 0 0 0 0 0 0 0 1 0 0 0 0]
Objectifs : [10.470228028044865, 11]
Rang : 1

Individu : [1 1 0 1 0 0 0 0 1 0 0 0 1 0 0 1 0 0 0 0 0 1 0 0 0 0 0 0 0 0 0 0 0 0 0 0]
Objectifs : [13.563323646579889, 7]
Rang : 1

Individu : [0 1 0 0 0 1 0 0 1 1 1 1 0 1 0 1 0 1 0 1 1 1 1 1 1 0 1 0 1 1 1 0 1 0 1 1]
Objectifs : [9.955054709911325, 22]
Rang : 1

Individu : [1 1 1 0 0 1 0 1 1 1 1 1 0 1 1 0 1 1 0 1 1 1 1 1 1 1 1 1 1 0 0 1 1 1 1 1]
Objectifs : [9.149372229853265, 28]
Rang : 1

Individu : [0 1 0 0 0 0 0 0 0 1 0 1 0 1 0 0 1 0 0 0 0 0 0 0 0 0 0 0 0 0 0 1 0 0 0 0]
Objectifs : [13.788891069187093, 6]
Rang : 1

Individu : [0 1 0 0 1 1 1 1 0 1 1 0 0 0 1 1 1 0 0 1 1 1 1 1 1 1 0 1 1 1 0 1 1 0 0 1]
Objectifs : [10.244598311203307, 23]
Rang : 1

Individu : [1 0 0 0 0 0 0 0 1 0 1 0 0 1 0 0 0 0 0 0 0 1 0 0 0 0 0 0 0 0 0 0 0 0 0 0]
Objectifs : [15.625449686504266, 5]
Rang : 1

Individu : [1 1 1 1 0 0 0 0 1 0 1 1 1 1 1 0 1 1 1 1 1 1 1 1 1 0 1 1 1 1 0 1 1 0 0 1]
Objectifs : [9.181547201898727, 26]
Rang : 1

Individu : [0 1 1 0 1 0 0 0 0 0 0 0 0 0 0 0 0 0 0 0 0 0 0 0 0 0 0 0 0 1 0 0 0 0 0 0]
Objectifs : [17.526171365209294, 4]
Rang : 1

Individu : [1 0 1 1 1 1 0 0 0 1 0 1 0 1 1 1 1 1 1 0 0 1 1 1 1 0 1 1 1 1 1 1 1 1 1 0]
Objectifs : [9.890331000414255, 26]
Rang : 1

Individu : [0 1 0 1 1 0 0 1 1 0 0 0 0 0 1 1 1 1 0 0 0 1 0 1 1 1 0 0 0 0 0 0 1 1 1 0]
Objectifs : [10.083536568272923, 16]
Rang : 1

Individu : [0 1 0 1 1 1 0 1 1 1 0 1 0 1 1 1 1 1 1 0 1 1 1 1 1 1 1 1 0 0 0 0 1 1 0 1]
Objectifs : [9.503670687759495, 25]
Rang : 1

Individu : [1 0 0 0 0 0 0 0 0 0 0 0 0 0 0 0 0 0 0 0 0 0 0 0 0 0 0 0 0 0 0 0 0 0 0 0]
Objectifs : [49.93452875969065, 1]
Rang : 1

Individu : [0 1 0 0 1 0 0 0 0 0 0 0 0 0 0 1 1 1 0 0 0 1 0 0 0 0 0 0 0 0 0 1 0 0 0 0]
Objectifs : [11.951958686463774, 7]
Rang : 1

Individu : [0 0 0 0 0 0 0 0 0 0 1 0 1 0 0 0 0 1 1 0 0 1 0 0 0 0 0 0 0 0 0 0 0 0 0 0]
Objectifs : [15.399570792725278, 5]
Rang : 1

Individu : [0 0 0 0 0 0 0 0 0 0 0 0 0 1 0 0 0 0 0 0 1 0 0 0 0 0 0 0 0 0 0 0 0 0 0 0]
Objectifs : [24.162158121455068, 2]
Rang : 1

Individu : [0 0 0 1 1 0 0 0 0 0 0 0 0 1 0 0 0 0 0 0 0 0 0 0 0 0 0 0 0 0 0 0 0 0 0 0]
Objectifs : [19.136975677216196, 3]
Rang : 1

Individu : [1 0 0 1 0 0 0 0 0 0 1 0 0 0 1 1 1 1 0 1 1 1 0 0 0 0 0 0 0 0 0 1 0 0 0 0]
Objectifs : [10.470228028044865, 11]
Rang : 1

Individu : [0 1 0 0 0 1 0 0 1 1 1 1 0 1 0 1 0 1 0 1 1 1 1 1 1 0 1 0 1 1 1 0 1 0 1 1]
Objectifs : [9.955054709911325, 22]
Rang : 1

Individu : [1 1 1 0 0 1 0 1 1 1 1 1 0 1 1 0 1 1 0 1 1 1 1 1 1 1 1 1 1 0 0 1 1 1 1 1]
Objectifs : [9.149372229853265, 28]
Rang : 1

Individu : [0 1 0 0 0 0 0 0 0 1 0 1 0 1 0 0 1 0 0 0 0 0 0 0 0 0 0 0 0 0 0 1 0 0 0 0]
Objectifs : [13.788891069187093, 6]
Rang : 1

Individu : [1 0 0 0 0 0 0 0 1 0 1 0 0 1 0 0 0 0 0 0 0 1 0 0 0 0 0 0 0 0 0 0 0 0 0 0]
Objectifs : [15.625449686504266, 5]
Rang : 1

Individu : [1 1 1 1 0 0 0 0 1 0 1 1 1 1 1 0 1 1 1 1 1 1 1 1 1 0 1 1 1 1 0 1 1 0 0 1]
Objectifs : [9.181547201898727, 26]
Rang : 1

Individu : [1 1 0 0 0 1 0 0 0 0 0 0 0 1 0 0 0 0 0 0 0 1 0 1 0 0 0 1 0 0 0 0 0 0 0 0]
Objectifs : [12.951127058435109, 7]
Rang : 1

Individu : [1 0 0 0 0 1 0 1 0 1 1 0 0 1 1 0 1 1 1 1 1 1 1 1 1 1 1 0 1 1 0 1 0 1 1 1]
Objectifs : [10.180372955581095, 24]
Rang : 1

Individu : [1 0 0 0 0 0 0 0 0 0 0 0 0 1 0 0 0 0 0 0 0 0 0 0 0 0 0 0 0 0 0 0 0 0 0 0]
Objectifs : [24.64593514547261, 2]
Rang : 1

Individu : [0 1 0 0 0 1 0 1 0 0 0 0 0 0 0 0 0 0 0 0 1 0 1 0 0 0 1 0 1 0 0 0 0 0 0 0]
Objectifs : [13.724728007799236, 7]
Rang : 1

