Résultats pour la méthode 1:

Individu : [1 1 1 0 0 0 0 0 1 0 1 0 0 0 0 0 0 0 0 0 0 0 1 0 0 0 0 1 1 0]
Objectifs : [7.28146122882965, 8]
Rang : 1

Individu : [0 0 1 0 0 0 0 0 0 0 0 0 0 0 0 0 0 0 0 0 0 0 0 0 0 0 0 0 0 0]
Objectifs : [14.817346396293765, 1]
Rang : 1

Individu : [1 1 1 0 0 0 0 0 1 0 1 0 0 0 0 0 0 0 0 0 0 0 1 0 0 0 0 1 1 0]
Objectifs : [7.28146122882965, 8]
Rang : 1

Individu : [0 0 1 0 0 0 0 0 0 0 0 0 0 0 0 0 0 0 0 0 0 0 0 0 0 0 0 0 0 0]
Objectifs : [14.817346396293765, 1]
Rang : 1

Individu : [1 0 0 0 1 0 0 1 0 0 0 0 0 0 0 0 0 0 0 1 0 0 1 0 0 1 0 0 0 0]
Objectifs : [7.537783853573327, 6]
Rang : 1

Individu : [1 1 1 0 0 0 0 0 1 0 1 0 0 0 0 0 0 0 0 0 0 0 1 0 0 0 0 1 1 0]
Objectifs : [7.28146122882965, 8]
Rang : 1

Individu : [0 0 1 0 0 0 0 0 0 0 0 0 0 0 0 0 0 0 0 0 0 0 0 0 0 0 0 0 0 0]
Objectifs : [14.817346396293765, 1]
Rang : 1

Individu : [1 0 0 0 1 0 0 1 0 0 0 0 0 0 0 0 0 0 0 1 0 0 1 0 0 1 0 0 0 0]
Objectifs : [7.537783853573327, 6]
Rang : 1

Individu : [0 1 1 0 1 0 0 0 1 1 0 0 0 1 0 1 0 0 1 1 0 1 1 0 0 0 0 0 0 0]
Objectifs : [6.275157590947064, 11]
Rang : 1

Individu : [1 1 1 0 0 0 0 0 1 0 1 0 0 0 0 0 0 0 0 0 0 0 1 0 0 0 0 1 1 0]
Objectifs : [7.28146122882965, 8]
Rang : 1

Individu : [0 0 1 0 0 0 0 0 0 0 0 0 0 0 0 0 0 0 0 0 0 0 0 0 0 0 0 0 0 0]
Objectifs : [14.817346396293765, 1]
Rang : 1

Individu : [1 0 0 0 1 0 0 1 0 0 0 0 0 0 0 0 0 0 0 1 0 0 1 0 0 1 0 0 0 0]
Objectifs : [7.537783853573327, 6]
Rang : 1

Individu : [0 1 1 0 1 0 0 0 1 1 0 0 0 1 0 1 0 0 1 1 0 1 1 0 0 0 0 0 0 0]
Objectifs : [6.275157590947064, 11]
Rang : 1

Individu : [0 0 1 0 1 0 0 1 0 0 0 0 0 0 0 0 0 0 0 0 0 0 1 0 0 0 0 0 0 0]
Objectifs : [7.784613047770943, 4]
Rang : 1

Individu : [0 1 0 0 0 1 0 0 0 0 1 1 1 1 1 0 0 0 0 0 0 1 1 0 0 0 0 0 0 0]
Objectifs : [7.277663856611224, 9]
Rang : 1

Individu : [1 1 1 0 0 0 0 0 1 0 1 0 0 0 0 0 0 0 0 0 0 0 1 0 0 0 0 1 1 0]
Objectifs : [7.28146122882965, 8]
Rang : 1

Individu : [0 0 1 0 0 0 0 0 0 0 0 0 0 0 0 0 0 0 0 0 0 0 0 0 0 0 0 0 0 0]
Objectifs : [14.817346396293765, 1]
Rang : 1

Individu : [1 0 0 0 1 0 0 1 0 0 0 0 0 0 0 0 0 0 0 1 0 0 1 0 0 1 0 0 0 0]
Objectifs : [7.537783853573327, 6]
Rang : 1

Individu : [0 1 1 0 1 0 0 0 1 1 0 0 0 1 0 1 0 0 1 1 0 1 1 0 0 0 0 0 0 0]
Objectifs : [6.275157590947064, 11]
Rang : 1

Individu : [0 0 1 0 1 0 0 1 0 0 0 0 0 0 0 0 0 0 0 0 0 0 1 0 0 0 0 0 0 0]
Objectifs : [7.784613047770943, 4]
Rang : 1

Individu : [0 1 0 0 0 1 0 0 0 0 1 1 1 1 1 0 0 0 0 0 0 1 1 0 0 0 0 0 0 0]
Objectifs : [7.277663856611224, 9]
Rang : 1

Individu : [1 1 1 0 0 0 0 0 1 0 1 0 0 0 0 0 0 0 0 0 0 0 1 0 0 0 0 1 1 0]
Objectifs : [7.28146122882965, 8]
Rang : 1

Individu : [0 0 1 0 0 0 0 0 0 0 0 0 0 0 0 0 0 0 0 0 0 0 0 0 0 0 0 0 0 0]
Objectifs : [14.817346396293765, 1]
Rang : 1

Individu : [1 0 0 0 1 0 0 1 0 0 0 0 0 0 0 0 0 0 0 1 0 0 1 0 0 1 0 0 0 0]
Objectifs : [7.537783853573327, 6]
Rang : 1

Individu : [0 1 1 0 1 0 0 0 1 1 0 0 0 1 0 1 0 0 1 1 0 1 1 0 0 0 0 0 0 0]
Objectifs : [6.275157590947064, 11]
Rang : 1

Individu : [0 0 1 0 1 0 0 1 0 0 0 0 0 0 0 0 0 0 0 0 0 0 1 0 0 0 0 0 0 0]
Objectifs : [7.784613047770943, 4]
Rang : 1

Individu : [0 1 0 0 0 1 0 0 0 0 1 1 1 1 1 0 0 0 0 0 0 1 1 0 0 0 0 0 0 0]
Objectifs : [7.277663856611224, 9]
Rang : 1

Individu : [1 1 1 0 0 0 0 0 1 0 1 0 0 0 0 0 0 0 0 0 0 0 1 0 0 0 0 1 1 0]
Objectifs : [7.28146122882965, 8]
Rang : 1

Individu : [0 0 1 0 0 0 0 0 0 0 0 0 0 0 0 0 0 0 0 0 0 0 0 0 0 0 0 0 0 0]
Objectifs : [14.817346396293765, 1]
Rang : 1

Individu : [1 0 0 0 1 0 0 1 0 0 0 0 0 0 0 0 0 0 0 1 0 0 1 0 0 1 0 0 0 0]
Objectifs : [7.537783853573327, 6]
Rang : 1

Individu : [0 1 1 0 1 0 0 0 1 1 0 0 0 1 0 1 0 0 1 1 0 1 1 0 0 0 0 0 0 0]
Objectifs : [6.275157590947064, 11]
Rang : 1

Individu : [0 0 1 0 1 0 0 1 0 0 0 0 0 0 0 0 0 0 0 0 0 0 1 0 0 0 0 0 0 0]
Objectifs : [7.784613047770943, 4]
Rang : 1

Individu : [0 1 0 0 0 1 0 0 0 0 1 1 1 1 1 0 0 0 0 0 0 1 1 0 0 0 0 0 0 0]
Objectifs : [7.277663856611224, 9]
Rang : 1

Individu : [0 0 0 0 1 0 0 0 0 0 0 0 0 0 0 0 0 0 0 0 0 0 0 0 0 0 0 0 0 0]
Objectifs : [36.68451431609327, 1]
Rang : 1

Individu : [0 0 0 0 1 0 1 1 1 0 1 0 0 1 0 0 0 0 1 0 0 1 1 0 0 0 0 0 0 1]
Objectifs : [7.027037290195184, 10]
Rang : 1

Individu : [1 1 1 0 0 0 0 0 1 0 1 0 0 0 0 0 0 0 0 0 0 0 1 0 0 0 0 1 1 0]
Objectifs : [7.28146122882965, 8]
Rang : 1

Individu : [0 0 1 0 0 0 0 0 0 0 0 0 0 0 0 0 0 0 0 0 0 0 0 0 0 0 0 0 0 0]
Objectifs : [14.817346396293765, 1]
Rang : 1

Individu : [1 0 0 0 1 0 0 1 0 0 0 0 0 0 0 0 0 0 0 1 0 0 1 0 0 1 0 0 0 0]
Objectifs : [7.537783853573327, 6]
Rang : 1

Individu : [0 1 1 0 1 0 0 0 1 1 0 0 0 1 0 1 0 0 1 1 0 1 1 0 0 0 0 0 0 0]
Objectifs : [6.275157590947064, 11]
Rang : 1

Individu : [0 0 1 0 1 0 0 1 0 0 0 0 0 0 0 0 0 0 0 0 0 0 1 0 0 0 0 0 0 0]
Objectifs : [7.784613047770943, 4]
Rang : 1

Individu : [0 1 0 0 0 1 0 0 0 0 1 1 1 1 1 0 0 0 0 0 0 1 1 0 0 0 0 0 0 0]
Objectifs : [7.277663856611224, 9]
Rang : 1

Individu : [0 0 0 0 1 0 0 0 0 0 0 0 0 0 0 0 0 0 0 0 0 0 0 0 0 0 0 0 0 0]
Objectifs : [36.68451431609327, 1]
Rang : 1

Individu : [1 1 1 0 0 0 0 1 1 0 1 0 0 1 1 1 1 1 1 1 1 1 1 0 1 1 1 0 1 1]
Objectifs : [6.525784157363105, 21]
Rang : 1

Individu : [0 0 0 0 1 0 1 1 1 0 1 0 0 1 0 0 0 0 1 0 0 1 1 0 0 0 0 0 0 1]
Objectifs : [7.027037290195184, 10]
Rang : 1

Individu : [1 1 1 0 0 0 1 1 1 0 1 1 0 1 0 0 0 1 0 0 0 0 1 0 0 0 0 0 0 0]
Objectifs : [7.533986481354902, 11]
Rang : 1

Individu : [0 1 0 0 0 0 0 0 0 0 0 0 0 0 0 0 0 0 0 0 0 0 0 0 0 0 0 0 0 0]
Objectifs : [38.693324219640004, 1]
Rang : 1

Individu : [1 1 1 0 0 0 0 0 1 0 1 0 0 0 0 0 0 0 0 0 0 0 1 0 0 0 0 1 1 0]
Objectifs : [7.28146122882965, 8]
Rang : 1

Individu : [0 0 1 0 0 0 0 0 0 0 0 0 0 0 0 0 0 0 0 0 0 0 0 0 0 0 0 0 0 0]
Objectifs : [14.817346396293765, 1]
Rang : 1

Individu : [1 0 0 0 1 0 0 1 0 0 0 0 0 0 0 0 0 0 0 1 0 0 1 0 0 1 0 0 0 0]
Objectifs : [7.537783853573327, 6]
Rang : 1

Individu : [0 1 1 0 1 0 0 0 1 1 0 0 0 1 0 1 0 0 1 1 0 1 1 0 0 0 0 0 0 0]
Objectifs : [6.275157590947064, 11]
Rang : 1

Individu : [0 0 1 0 1 0 0 1 0 0 0 0 0 0 0 0 0 0 0 0 0 0 1 0 0 0 0 0 0 0]
Objectifs : [7.784613047770943, 4]
Rang : 1

Individu : [0 1 0 0 0 1 0 0 0 0 1 1 1 1 1 0 0 0 0 0 0 1 1 0 0 0 0 0 0 0]
Objectifs : [7.277663856611224, 9]
Rang : 1

Individu : [0 0 0 0 1 0 1 1 1 0 1 0 0 1 0 0 0 0 1 0 0 1 1 0 0 0 0 0 0 1]
Objectifs : [7.027037290195184, 10]
Rang : 1

Individu : [0 1 0 0 0 0 0 0 0 0 0 0 0 0 0 0 0 0 0 0 1 0 0 0 0 0 0 0 0 0]
Objectifs : [8.285866180603023, 2]
Rang : 1

Individu : [1 0 1 0 1 1 0 0 0 0 1 1 0 1 0 1 1 1 1 0 1 1 1 0 1 1 0 1 1 1]
Objectifs : [7.279562542720437, 19]
Rang : 1

Individu : [1 1 1 0 0 0 0 0 1 0 1 0 0 0 0 0 0 0 0 0 0 0 1 0 0 0 0 1 1 0]
Objectifs : [7.28146122882965, 8]
Rang : 1

Individu : [0 0 1 0 0 0 0 0 0 0 0 0 0 0 0 0 0 0 0 0 0 0 0 0 0 0 0 0 0 0]
Objectifs : [14.817346396293765, 1]
Rang : 1

Individu : [1 0 0 0 1 0 0 1 0 0 0 0 0 0 0 0 0 0 0 1 0 0 1 0 0 1 0 0 0 0]
Objectifs : [7.537783853573327, 6]
Rang : 1

Individu : [0 1 1 0 1 0 0 0 1 1 0 0 0 1 0 1 0 0 1 1 0 1 1 0 0 0 0 0 0 0]
Objectifs : [6.275157590947064, 11]
Rang : 1

Individu : [0 0 1 0 1 0 0 1 0 0 0 0 0 0 0 0 0 0 0 0 0 0 1 0 0 0 0 0 0 0]
Objectifs : [7.784613047770943, 4]
Rang : 1

Individu : [0 1 0 0 0 1 0 0 0 0 1 1 1 1 1 0 0 0 0 0 0 1 1 0 0 0 0 0 0 0]
Objectifs : [7.277663856611224, 9]
Rang : 1

Individu : [0 0 0 0 1 0 1 1 1 0 1 0 0 1 0 0 0 0 1 0 0 1 1 0 0 0 0 0 0 1]
Objectifs : [7.027037290195184, 10]
Rang : 1

Individu : [0 0 0 1 0 0 0 0 0 0 0 0 0 0 0 0 0 0 0 0 0 0 0 0 0 0 0 0 0 0]
Objectifs : [17.581833371307056, 1]
Rang : 1

Individu : [1 0 0 0 1 1 1 1 1 1 0 1 0 0 1 0 0 0 0 0 1 0 1 0 0 1 0 0 0 0]
Objectifs : [6.78020809599757, 12]
Rang : 1

Individu : [1 0 0 0 0 0 1 1 1 1 1 0 0 0 1 1 1 1 1 1 1 0 1 0 0 1 1 1 0 1]
Objectifs : [6.778309409888357, 18]
Rang : 1

Individu : [1 0 0 0 1 1 1 1 1 0 1 1 0 0 1 1 1 0 1 1 1 0 1 0 1 1 1 1 0 1]
Objectifs : [6.277056277056277, 20]
Rang : 1

Individu : [1 1 1 0 0 0 0 1 1 0 1 0 0 1 1 1 1 1 1 1 1 1 1 0 1 1 1 0 1 1]
Objectifs : [6.525784157363105, 21]
Rang : 1

Individu : [1 0 0 0 0 1 0 1 1 0 0 1 1 1 0 1 0 1 1 1 0 1 1 0 1 1 1 1 1 1]
Objectifs : [6.776410723779144, 19]
Rang : 1

Individu : [0 1 1 0 1 1 1 1 0 0 0 1 0 0 0 0 0 0 0 0 0 0 1 0 1 0 0 0 0 0]
Objectifs : [7.28146122882965, 9]
Rang : 1

Individu : [1 0 0 0 0 0 0 0 0 0 0 0 0 0 0 0 0 0 0 0 0 0 0 0 0 0 0 0 0 0]
Objectifs : [18.582440950862004, 1]
Rang : 1

Individu : [0 1 1 0 1 1 1 0 1 0 1 1 0 0 0 0 0 1 0 0 1 0 1 0 0 0 0 0 0 0]
Objectifs : [7.28146122882965, 11]
Rang : 1

Individu : [1 1 1 0 0 1 0 0 1 0 1 0 1 0 0 1 1 0 0 1 0 1 1 0 0 0 0 0 0 0]
Objectifs : [7.03083466241361, 12]
Rang : 1

Individu : [0 0 0 0 1 0 0 0 0 0 0 0 0 0 0 0 0 0 0 0 0 0 0 0 0 0 0 0 0 0]
Objectifs : [36.68451431609327, 1]
Rang : 1

Individu : [0 0 0 0 0 0 0 0 0 1 0 0 0 0 0 0 0 0 0 0 0 0 0 0 0 0 0 0 0 0]
Objectifs : [44.467228677754996, 1]
Rang : 1

Individu : [0 1 0 0 0 0 0 0 0 0 0 0 0 0 0 0 0 0 0 0 1 0 0 0 0 0 0 0 0 0]
Objectifs : [8.285866180603023, 2]
Rang : 1

Individu : [0 1 0 0 0 0 0 0 1 0 0 0 0 0 0 0 0 0 0 0 1 0 0 0 0 0 0 0 0 0]
Objectifs : [8.285866180603023, 3]
Rang : 1

Individu : [1 1 0 0 1 1 0 1 1 1 0 0 0 0 0 0 0 1 0 0 1 0 0 0 0 0 0 0 0 1]
Objectifs : [7.283359914938862, 10]
Rang : 1

Individu : [1 1 0 0 0 0 0 0 0 1 0 0 0 0 0 0 0 0 0 0 0 0 1 0 0 0 0 0 0 0]
Objectifs : [8.285866180603023, 4]
Rang : 1

Individu : [1 1 1 0 0 0 1 1 1 0 1 1 0 1 0 0 0 1 0 0 0 0 1 0 0 0 0 0 0 0]
Objectifs : [7.533986481354902, 11]
Rang : 1

Individu : [0 0 0 0 0 1 0 0 1 1 1 0 0 1 0 1 1 1 1 0 1 1 1 0 0 1 1 0 1 1]
Objectifs : [7.027037290195184, 16]
Rang : 1

Individu : [0 1 0 0 0 0 1 0 0 1 0 0 0 0 0 0 0 0 0 0 1 0 0 0 0 0 0 0 0 0]
Objectifs : [8.285866180603023, 4]
Rang : 1

Individu : [1 0 0 0 1 1 1 0 1 1 1 0 1 0 0 0 0 0 1 0 0 0 1 0 0 1 1 0 0 0]
Objectifs : [7.535885167464114, 12]
Rang : 1

Individu : [0 0 0 1 0 0 1 0 1 0 0 0 1 0 0 0 0 0 0 0 1 0 0 1 0 0 0 0 0 0]
Objectifs : [9.04344193817878, 6]
Rang : 1

Individu : [0 0 0 0 0 0 1 1 0 0 0 0 0 0 0 0 0 0 0 0 0 0 0 0 0 0 0 0 0 0]
Objectifs : [9.295967190704031, 2]
Rang : 1

Individu : [1 1 1 0 0 0 0 0 0 0 0 0 0 0 0 0 0 0 0 0 0 0 0 0 0 0 0 0 0 0]
Objectifs : [11.559201032885243, 3]
Rang : 1

Individu : [0 0 1 0 0 0 0 0 0 0 0 0 0 0 0 0 0 0 0 0 0 0 0 0 0 1 0 0 0 0]
Objectifs : [13.56231487810435, 2]
Rang : 1

Individu : [1 1 1 0 0 1 0 0 0 0 0 0 0 0 0 1 0 0 0 0 0 0 0 0 0 0 0 0 0 0]
Objectifs : [11.559201032885243, 5]
Rang : 1

Individu : [0 1 1 0 0 1 0 0 1 0 0 0 0 0 0 0 0 0 0 0 0 0 0 0 1 0 0 0 0 0]
Objectifs : [12.309182046024151, 5]
Rang : 1

Individu : [0 0 0 0 0 0 1 1 0 0 0 1 0 0 0 0 0 0 0 0 0 0 0 0 0 0 0 0 0 0]
Objectifs : [12.311080732133362, 3]
Rang : 1

Individu : [1 0 1 0 0 0 0 1 0 0 0 0 0 0 0 0 0 0 0 0 0 0 0 0 0 0 0 0 0 0]
Objectifs : [14.817346396293765, 3]
Rang : 1

Individu : [1 0 1 0 0 1 0 1 0 0 1 0 0 0 0 0 1 0 0 0 0 0 1 0 1 0 0 0 0 0]
Objectifs : [7.784613047770943, 8]
Rang : 1

Individu : [0 1 0 0 0 1 1 1 0 0 0 1 0 1 1 1 0 0 1 1 1 1 1 0 1 1 1 0 1 1]
Objectifs : [7.025138604085972, 18]
Rang : 1

Individu : [1 0 0 0 1 0 0 1 0 0 0 0 1 0 0 0 1 0 0 1 1 0 0 0 0 0 0 0 0 0]
Objectifs : [9.045340624287993, 7]
Rang : 1

Individu : [0 1 1 1 0 0 1 0 1 0 1 1 1 0 1 0 0 1 1 0 0 0 0 1 1 0 1 1 1 1]
Objectifs : [8.790916685653528, 17]
Rang : 1

Individu : [1 0 1 0 0 0 0 1 1 1 1 0 1 1 1 0 0 1 1 1 1 0 1 0 1 1 1 0 1 1]
Objectifs : [9.039644565960355, 19]
Rang : 1

Individu : [0 0 1 1 0 1 1 1 0 1 0 1 0 0 0 1 1 1 1 1 0 1 1 1 0 1 1 1 1 1]
Objectifs : [8.790916685653528, 20]
Rang : 1

Individu : [1 1 1 1 1 0 1 1 0 1 0 1 0 0 1 1 0 0 0 0 1 0 1 0 0 1 0 0 0 0]
Objectifs : [9.789625579099264, 14]
Rang : 1

Individu : [0 0 1 0 0 0 1 0 0 0 0 0 0 1 0 0 0 0 1 0 0 0 0 0 0 0 0 0 0 0]
Objectifs : [13.814840130629605, 4]
Rang : 1

Individu : [0 1 0 0 0 0 0 0 0 0 1 0 1 0 0 0 0 0 0 0 0 0 0 0 0 0 0 0 0 0]
Objectifs : [20.606440343282447, 3]
Rang : 1

Individu : [0 1 1 0 0 0 0 0 0 0 0 1 1 0 1 1 0 0 1 0 0 0 0 0 0 0 0 0 0 0]
Objectifs : [12.305384673805726, 7]
Rang : 1

