Résultats pour la méthode 4:

Individu : [1 0 1 0 0 1 0 0 1 1 1 1 1 1 1 1 1 1 1 1 1 0 0 0 1 1 0 1 0 1 0 1 0 1 1 1 1
 0 0 1 1 1 1 1 1 1 1 1 0 1 1 0 1 1 1 1]
Objectifs : [33.93939393939394, 40]
Rang : 1

Individu : [0 0 0 0 0 1 0 0 0 0 0 0 0 0 0 0 0 0 0 0 0 0 0 0 0 0 0 0 0 0 0 0 0 0 0 0 0
 0 0 0 0 0 0 0 0 0 0 0 0 0 0 0 0 0 0 0]
Objectifs : [43.93939393939394, 1]
Rang : 1

Individu : [1 0 1 0 0 1 0 0 1 1 1 1 1 1 1 1 1 1 1 1 1 0 0 0 1 1 0 1 0 1 0 1 0 1 1 1 1
 0 0 1 1 1 1 1 1 1 1 1 0 1 1 0 1 1 1 1]
Objectifs : [33.93939393939394, 40]
Rang : 1

Individu : [0 0 0 0 0 1 0 0 0 0 0 0 0 0 0 0 0 0 0 0 0 0 0 0 0 0 0 0 0 0 0 0 0 0 0 0 0
 0 0 0 0 0 0 0 0 0 0 0 0 0 0 0 0 0 0 0]
Objectifs : [43.93939393939394, 1]
Rang : 1

Individu : [1 1 1 1 1 1 0 1 0 1 1 1 1 1 1 0 0 0 0 1 1 0 0 1 1 0 0 1 0 1 0 1 0 0 1 0 1
 0 0 0 1 0 0 1 0 0 0 0 0 0 0 0 0 1 0 0]
Objectifs : [36.96969696969697, 25]
Rang : 1

Individu : [1 1 0 0 1 0 1 0 0 0 0 1 0 0 0 0 0 0 1 0 0 0 1 0 0 0 0 0 1 0 0 0 0 0 0 0 0
 0 0 0 0 0 0 0 0 0 0 0 0 0 0 0 0 0 0 0]
Objectifs : [40.909090909090914, 8]
Rang : 1

Individu : [1 0 1 0 0 1 0 0 1 1 1 1 1 1 1 1 1 1 1 1 1 0 0 0 1 1 0 1 0 1 0 1 0 1 1 1 1
 0 0 1 1 1 1 1 1 1 1 1 0 1 1 0 1 1 1 1]
Objectifs : [33.93939393939394, 40]
Rang : 1

Individu : [0 0 0 0 0 1 0 0 0 0 0 0 0 0 0 0 0 0 0 0 0 0 0 0 0 0 0 0 0 0 0 0 0 0 0 0 0
 0 0 0 0 0 0 0 0 0 0 0 0 0 0 0 0 0 0 0]
Objectifs : [43.93939393939394, 1]
Rang : 1

Individu : [1 1 1 1 1 1 0 1 0 1 1 1 1 1 1 0 0 0 0 1 1 0 0 1 1 0 0 1 0 1 0 1 0 0 1 0 1
 0 0 0 1 0 0 1 0 0 0 0 0 0 0 0 0 1 0 0]
Objectifs : [36.96969696969697, 25]
Rang : 1

Individu : [1 1 0 0 1 0 1 0 0 0 0 1 0 0 0 0 0 0 1 0 0 0 1 0 0 0 0 0 1 0 0 0 0 0 0 0 0
 0 0 0 0 0 0 0 0 0 0 0 0 0 0 0 0 0 0 0]
Objectifs : [40.909090909090914, 8]
Rang : 1

Individu : [0 1 1 0 0 0 0 0 1 0 1 1 1 1 0 1 1 1 1 1 1 1 1 1 1 1 1 1 1 1 1 1 1 1 1 1 1
 1 1 1 1 1 1 1 1 1 1 1 1 1 1 1 1 1 1 1]
Objectifs : [31.212121212121207, 48]
Rang : 1

Individu : [1 0 1 1 1 0 1 0 1 1 1 1 1 1 0 1 1 0 1 0 0 0 1 0 0 0 1 0 0 1 0 0 0 1 0 0 0
 0 1 0 0 0 1 0 0 0 0 0 0 0 0 0 1 1 0 0]
Objectifs : [37.27272727272727, 22]
Rang : 1

Individu : [1 0 1 0 0 1 0 0 1 1 1 1 1 1 1 1 1 1 1 1 1 0 0 0 1 1 0 1 0 1 0 1 0 1 1 1 1
 0 0 1 1 1 1 1 1 1 1 1 0 1 1 0 1 1 1 1]
Objectifs : [33.93939393939394, 40]
Rang : 1

Individu : [0 0 0 0 0 1 0 0 0 0 0 0 0 0 0 0 0 0 0 0 0 0 0 0 0 0 0 0 0 0 0 0 0 0 0 0 0
 0 0 0 0 0 0 0 0 0 0 0 0 0 0 0 0 0 0 0]
Objectifs : [43.93939393939394, 1]
Rang : 1

Individu : [1 1 1 1 1 1 0 1 0 1 1 1 1 1 1 0 0 0 0 1 1 0 0 1 1 0 0 1 0 1 0 1 0 0 1 0 1
 0 0 0 1 0 0 1 0 0 0 0 0 0 0 0 0 1 0 0]
Objectifs : [36.96969696969697, 25]
Rang : 1

Individu : [1 1 0 0 1 0 1 0 0 0 0 1 0 0 0 0 0 0 1 0 0 0 1 0 0 0 0 0 1 0 0 0 0 0 0 0 0
 0 0 0 0 0 0 0 0 0 0 0 0 0 0 0 0 0 0 0]
Objectifs : [40.909090909090914, 8]
Rang : 1

Individu : [1 0 0 1 0 1 0 0 0 0 0 0 0 0 0 1 0 0 0 0 0 0 0 0 0 0 0 0 0 0 0 0 0 0 0 0 0
 0 0 1 0 1 0 0 0 0 0 0 0 0 0 0 0 0 0 0]
Objectifs : [47.57575757575758, 6]
Rang : 1

Individu : [0 0 1 0 0 0 0 0 0 0 0 0 0 0 0 0 0 0 0 0 0 0 0 0 0 0 0 0 0 0 0 0 0 0 0 0 0
 0 0 0 0 0 0 0 0 0 0 0 0 0 0 0 0 0 0 0]
Objectifs : [68.78787878787878, 1]
Rang : 1

Individu : [0 1 1 0 0 0 0 0 1 0 1 1 1 1 0 1 1 1 1 1 1 1 1 1 1 1 1 1 1 1 1 1 1 1 1 1 1
 1 1 1 1 1 1 1 1 1 1 1 1 1 1 1 1 1 1 1]
Objectifs : [31.212121212121207, 48]
Rang : 1

Individu : [1 0 1 1 1 0 1 0 1 1 1 1 1 1 0 1 1 0 1 0 0 0 1 0 0 0 1 0 0 1 0 0 0 1 0 0 0
 0 1 0 0 0 1 0 0 0 0 0 0 0 0 0 1 1 0 0]
Objectifs : [37.27272727272727, 22]
Rang : 1

Individu : [0 0 1 1 0 1 0 0 1 1 1 1 1 1 1 1 1 0 1 1 1 1 1 0 1 1 1 1 1 1 1 1 1 1 1 1 1
 1 1 1 1 1 1 1 1 1 1 1 1 1 1 1 1 1 1 1]
Objectifs : [27.575757575757574, 49]
Rang : 1

Individu : [1 0 1 0 0 1 0 0 1 1 1 1 1 1 1 1 1 1 1 1 1 0 0 0 1 1 0 1 0 1 0 1 0 1 1 1 1
 0 0 1 1 1 1 1 1 1 1 1 0 1 1 0 1 1 1 1]
Objectifs : [33.93939393939394, 40]
Rang : 1

Individu : [0 0 0 0 0 1 0 0 0 0 0 0 0 0 0 0 0 0 0 0 0 0 0 0 0 0 0 0 0 0 0 0 0 0 0 0 0
 0 0 0 0 0 0 0 0 0 0 0 0 0 0 0 0 0 0 0]
Objectifs : [43.93939393939394, 1]
Rang : 1

Individu : [1 1 1 1 1 1 0 1 0 1 1 1 1 1 1 0 0 0 0 1 1 0 0 1 1 0 0 1 0 1 0 1 0 0 1 0 1
 0 0 0 1 0 0 1 0 0 0 0 0 0 0 0 0 1 0 0]
Objectifs : [36.96969696969697, 25]
Rang : 1

Individu : [1 1 0 0 1 0 1 0 0 0 0 1 0 0 0 0 0 0 1 0 0 0 1 0 0 0 0 0 1 0 0 0 0 0 0 0 0
 0 0 0 0 0 0 0 0 0 0 0 0 0 0 0 0 0 0 0]
Objectifs : [40.909090909090914, 8]
Rang : 1

Individu : [0 1 1 0 0 0 0 0 1 0 1 1 1 1 0 1 1 1 1 1 1 1 1 1 1 1 1 1 1 1 1 1 1 1 1 1 1
 1 1 1 1 1 1 1 1 1 1 1 1 1 1 1 1 1 1 1]
Objectifs : [31.212121212121207, 48]
Rang : 1

Individu : [1 0 1 1 1 0 1 0 1 1 1 1 1 1 0 1 1 0 1 0 0 0 1 0 0 0 1 0 0 1 0 0 0 1 0 0 0
 0 1 0 0 0 1 0 0 0 0 0 0 0 0 0 1 1 0 0]
Objectifs : [37.27272727272727, 22]
Rang : 1

Individu : [0 0 1 1 0 1 0 0 1 1 1 1 1 1 1 1 1 0 1 1 1 1 1 0 1 1 1 1 1 1 1 1 1 1 1 1 1
 1 1 1 1 1 1 1 1 1 1 1 1 1 1 1 1 1 1 1]
Objectifs : [27.575757575757574, 49]
Rang : 1

Individu : [1 0 1 0 0 1 0 0 1 1 1 1 1 1 1 1 1 1 1 1 1 0 0 0 1 1 0 1 0 1 0 1 0 1 1 1 1
 0 0 1 1 1 1 1 1 1 1 1 0 1 1 0 1 1 1 1]
Objectifs : [33.93939393939394, 40]
Rang : 1

Individu : [0 0 0 0 0 1 0 0 0 0 0 0 0 0 0 0 0 0 0 0 0 0 0 0 0 0 0 0 0 0 0 0 0 0 0 0 0
 0 0 0 0 0 0 0 0 0 0 0 0 0 0 0 0 0 0 0]
Objectifs : [43.93939393939394, 1]
Rang : 1

Individu : [1 1 1 1 1 1 0 1 0 1 1 1 1 1 1 0 0 0 0 1 1 0 0 1 1 0 0 1 0 1 0 1 0 0 1 0 1
 0 0 0 1 0 0 1 0 0 0 0 0 0 0 0 0 1 0 0]
Objectifs : [36.96969696969697, 25]
Rang : 1

Individu : [1 1 0 0 1 0 1 0 0 0 0 1 0 0 0 0 0 0 1 0 0 0 1 0 0 0 0 0 1 0 0 0 0 0 0 0 0
 0 0 0 0 0 0 0 0 0 0 0 0 0 0 0 0 0 0 0]
Objectifs : [40.909090909090914, 8]
Rang : 1

Individu : [0 1 1 0 0 0 0 0 1 0 1 1 1 1 0 1 1 1 1 1 1 1 1 1 1 1 1 1 1 1 1 1 1 1 1 1 1
 1 1 1 1 1 1 1 1 1 1 1 1 1 1 1 1 1 1 1]
Objectifs : [31.212121212121207, 48]
Rang : 1

Individu : [1 0 1 1 1 0 1 0 1 1 1 1 1 1 0 1 1 0 1 0 0 0 1 0 0 0 1 0 0 1 0 0 0 1 0 0 0
 0 1 0 0 0 1 0 0 0 0 0 0 0 0 0 1 1 0 0]
Objectifs : [37.27272727272727, 22]
Rang : 1

Individu : [0 0 1 1 0 1 0 0 1 1 1 1 1 1 1 1 1 0 1 1 1 1 1 0 1 1 1 1 1 1 1 1 1 1 1 1 1
 1 1 1 1 1 1 1 1 1 1 1 1 1 1 1 1 1 1 1]
Objectifs : [27.575757575757574, 49]
Rang : 1

Individu : [1 1 1 1 1 0 0 0 1 1 1 1 0 1 0 0 0 0 0 0 0 0 0 0 0 0 1 0 0 0 0 0 0 0 0 0 0
 0 0 0 0 0 0 0 0 0 0 0 0 0 0 0 0 0 0 0]
Objectifs : [40.60606060606061, 11]
Rang : 1

Individu : [1 0 1 0 0 1 0 0 1 1 1 1 1 1 1 1 1 1 1 1 1 0 0 0 1 1 0 1 0 1 0 1 0 1 1 1 1
 0 0 1 1 1 1 1 1 1 1 1 0 1 1 0 1 1 1 1]
Objectifs : [33.93939393939394, 40]
Rang : 1

Individu : [0 0 0 0 0 1 0 0 0 0 0 0 0 0 0 0 0 0 0 0 0 0 0 0 0 0 0 0 0 0 0 0 0 0 0 0 0
 0 0 0 0 0 0 0 0 0 0 0 0 0 0 0 0 0 0 0]
Objectifs : [43.93939393939394, 1]
Rang : 1

Individu : [1 1 1 1 1 1 0 1 0 1 1 1 1 1 1 0 0 0 0 1 1 0 0 1 1 0 0 1 0 1 0 1 0 0 1 0 1
 0 0 0 1 0 0 1 0 0 0 0 0 0 0 0 0 1 0 0]
Objectifs : [36.96969696969697, 25]
Rang : 1

Individu : [1 1 0 0 1 0 1 0 0 0 0 1 0 0 0 0 0 0 1 0 0 0 1 0 0 0 0 0 1 0 0 0 0 0 0 0 0
 0 0 0 0 0 0 0 0 0 0 0 0 0 0 0 0 0 0 0]
Objectifs : [40.909090909090914, 8]
Rang : 1

Individu : [0 1 1 0 0 0 0 0 1 0 1 1 1 1 0 1 1 1 1 1 1 1 1 1 1 1 1 1 1 1 1 1 1 1 1 1 1
 1 1 1 1 1 1 1 1 1 1 1 1 1 1 1 1 1 1 1]
Objectifs : [31.212121212121207, 48]
Rang : 1

Individu : [1 0 1 1 1 0 1 0 1 1 1 1 1 1 0 1 1 0 1 0 0 0 1 0 0 0 1 0 0 1 0 0 0 1 0 0 0
 0 1 0 0 0 1 0 0 0 0 0 0 0 0 0 1 1 0 0]
Objectifs : [37.27272727272727, 22]
Rang : 1

Individu : [0 0 1 1 0 1 0 0 1 1 1 1 1 1 1 1 1 0 1 1 1 1 1 0 1 1 1 1 1 1 1 1 1 1 1 1 1
 1 1 1 1 1 1 1 1 1 1 1 1 1 1 1 1 1 1 1]
Objectifs : [27.575757575757574, 49]
Rang : 1

Individu : [0 1 0 1 0 1 0 0 1 1 0 0 1 0 0 1 0 1 1 0 1 0 1 1 0 0 1 1 0 1 1 0 0 1 0 1 1
 0 0 1 0 0 0 0 0 0 1 0 0 0 0 0 0 0 0 1]
Objectifs : [40.0, 22]
Rang : 1

Individu : [1 1 1 1 1 0 0 0 1 1 1 1 0 1 0 0 0 0 0 0 0 0 0 0 0 0 1 0 0 0 0 0 0 0 0 0 0
 0 0 0 0 0 0 0 0 0 0 0 0 0 0 0 0 0 0 0]
Objectifs : [40.60606060606061, 11]
Rang : 1

Individu : [1 0 0 0 0 0 1 0 0 0 0 0 0 0 0 0 1 1 1 1 0 1 1 1 0 0 1 1 0 0 0 0 0 0 0 0 0
 0 1 0 0 0 0 0 0 0 0 0 0 1 0 0 0 0 0 0]
Objectifs : [44.242424242424235, 13]
Rang : 1

Individu : [1 0 1 0 0 1 0 0 1 1 1 1 1 1 1 1 1 1 1 1 1 0 0 0 1 1 0 1 0 1 0 1 0 1 1 1 1
 0 0 1 1 1 1 1 1 1 1 1 0 1 1 0 1 1 1 1]
Objectifs : [33.93939393939394, 40]
Rang : 1

Individu : [0 0 0 0 0 1 0 0 0 0 0 0 0 0 0 0 0 0 0 0 0 0 0 0 0 0 0 0 0 0 0 0 0 0 0 0 0
 0 0 0 0 0 0 0 0 0 0 0 0 0 0 0 0 0 0 0]
Objectifs : [43.93939393939394, 1]
Rang : 1

Individu : [1 1 1 1 1 1 0 1 0 1 1 1 1 1 1 0 0 0 0 1 1 0 0 1 1 0 0 1 0 1 0 1 0 0 1 0 1
 0 0 0 1 0 0 1 0 0 0 0 0 0 0 0 0 1 0 0]
Objectifs : [36.96969696969697, 25]
Rang : 1

Individu : [1 1 0 0 1 0 1 0 0 0 0 1 0 0 0 0 0 0 1 0 0 0 1 0 0 0 0 0 1 0 0 0 0 0 0 0 0
 0 0 0 0 0 0 0 0 0 0 0 0 0 0 0 0 0 0 0]
Objectifs : [40.909090909090914, 8]
Rang : 1

Individu : [0 1 1 0 0 0 0 0 1 0 1 1 1 1 0 1 1 1 1 1 1 1 1 1 1 1 1 1 1 1 1 1 1 1 1 1 1
 1 1 1 1 1 1 1 1 1 1 1 1 1 1 1 1 1 1 1]
Objectifs : [31.212121212121207, 48]
Rang : 1

Individu : [1 0 1 1 1 0 1 0 1 1 1 1 1 1 0 1 1 0 1 0 0 0 1 0 0 0 1 0 0 1 0 0 0 1 0 0 0
 0 1 0 0 0 1 0 0 0 0 0 0 0 0 0 1 1 0 0]
Objectifs : [37.27272727272727, 22]
Rang : 1

Individu : [0 0 1 1 0 1 0 0 1 1 1 1 1 1 1 1 1 0 1 1 1 1 1 0 1 1 1 1 1 1 1 1 1 1 1 1 1
 1 1 1 1 1 1 1 1 1 1 1 1 1 1 1 1 1 1 1]
Objectifs : [27.575757575757574, 49]
Rang : 1

Individu : [1 1 1 1 1 0 0 0 1 1 1 1 0 1 0 0 0 0 0 0 0 0 0 0 0 0 1 0 0 0 0 0 0 0 0 0 0
 0 0 0 0 0 0 0 0 0 0 0 0 0 0 0 0 0 0 0]
Objectifs : [40.60606060606061, 11]
Rang : 1

Individu : [0 1 1 0 0 1 0 0 1 0 1 1 0 0 0 0 0 0 1 1 0 0 0 0 0 0 0 0 0 1 0 0 0 0 0 0 0
 0 0 0 0 0 0 0 0 1 1 0 0 0 0 0 0 0 0 0]
Objectifs : [40.60606060606061, 11]
Rang : 1

Individu : [1 0 1 0 0 1 0 0 1 1 1 1 1 1 1 1 1 1 1 1 1 0 0 0 1 1 0 1 0 1 0 1 0 1 1 1 1
 0 0 1 1 1 1 1 1 1 1 1 0 1 1 0 1 1 1 1]
Objectifs : [33.93939393939394, 40]
Rang : 1

Individu : [0 0 0 0 0 1 0 0 0 0 0 0 0 0 0 0 0 0 0 0 0 0 0 0 0 0 0 0 0 0 0 0 0 0 0 0 0
 0 0 0 0 0 0 0 0 0 0 0 0 0 0 0 0 0 0 0]
Objectifs : [43.93939393939394, 1]
Rang : 1

Individu : [1 1 1 1 1 1 0 1 0 1 1 1 1 1 1 0 0 0 0 1 1 0 0 1 1 0 0 1 0 1 0 1 0 0 1 0 1
 0 0 0 1 0 0 1 0 0 0 0 0 0 0 0 0 1 0 0]
Objectifs : [36.96969696969697, 25]
Rang : 1

Individu : [1 1 0 0 1 0 1 0 0 0 0 1 0 0 0 0 0 0 1 0 0 0 1 0 0 0 0 0 1 0 0 0 0 0 0 0 0
 0 0 0 0 0 0 0 0 0 0 0 0 0 0 0 0 0 0 0]
Objectifs : [40.909090909090914, 8]
Rang : 1

Individu : [0 1 1 0 0 0 0 0 1 0 1 1 1 1 0 1 1 1 1 1 1 1 1 1 1 1 1 1 1 1 1 1 1 1 1 1 1
 1 1 1 1 1 1 1 1 1 1 1 1 1 1 1 1 1 1 1]
Objectifs : [31.212121212121207, 48]
Rang : 1

Individu : [1 0 1 1 1 0 1 0 1 1 1 1 1 1 0 1 1 0 1 0 0 0 1 0 0 0 1 0 0 1 0 0 0 1 0 0 0
 0 1 0 0 0 1 0 0 0 0 0 0 0 0 0 1 1 0 0]
Objectifs : [37.27272727272727, 22]
Rang : 1

Individu : [0 0 1 1 0 1 0 0 1 1 1 1 1 1 1 1 1 0 1 1 1 1 1 0 1 1 1 1 1 1 1 1 1 1 1 1 1
 1 1 1 1 1 1 1 1 1 1 1 1 1 1 1 1 1 1 1]
Objectifs : [27.575757575757574, 49]
Rang : 1

Individu : [1 0 0 0 0 0 0 0 0 0 0 0 0 0 0 0 0 0 0 0 0 0 0 0 0 0 0 0 0 0 0 0 0 0 0 0 0
 0 0 0 0 0 0 0 0 0 0 0 0 0 0 0 0 0 0 0]
Objectifs : [72.12121212121212, 1]
Rang : 1

Individu : [0 1 0 1 0 1 0 0 1 1 0 0 1 0 0 1 0 1 1 0 1 0 1 1 0 0 1 1 0 1 1 0 0 1 0 1 1
 0 0 1 0 0 0 0 0 0 1 0 0 0 0 0 0 0 0 1]
Objectifs : [40.0, 22]
Rang : 1

Individu : [1 1 1 1 1 0 0 0 1 1 1 1 0 1 0 0 0 0 0 0 0 0 0 0 0 0 1 0 0 0 0 0 0 0 0 0 0
 0 0 0 0 0 0 0 0 0 0 0 0 0 0 0 0 0 0 0]
Objectifs : [40.60606060606061, 11]
Rang : 1

Individu : [1 0 1 1 1 1 1 1 1 0 1 1 0 0 0 1 0 0 1 1 0 0 1 0 0 0 0 1 1 0 1 0 1 1 0 0 1
 1 0 0 1 0 0 0 0 0 0 0 0 1 0 0 0 0 0 1]
Objectifs : [40.303030303030305, 24]
Rang : 1

Individu : [0 1 1 1 1 1 1 1 1 1 1 1 0 1 1 1 0 1 0 0 0 0 0 1 0 0 1 1 1 0 0 1 0 0 0 0 1
 0 0 0 0 1 0 1 0 0 1 0 0 1 1 0 0 0 0 1]
Objectifs : [40.303030303030305, 27]
Rang : 1

Individu : [0 1 1 0 0 1 0 0 1 0 1 1 0 0 0 0 0 0 1 1 0 0 0 0 0 0 0 0 0 1 0 0 0 0 0 0 0
 0 0 0 0 0 0 0 0 1 1 0 0 0 0 0 0 0 0 0]
Objectifs : [40.60606060606061, 11]
Rang : 1

Individu : [0 0 1 1 1 0 1 0 0 1 0 1 1 0 0 1 1 1 1 1 1 1 1 0 1 1 1 1 0 1 1 1 1 1 1 1 1
 1 0 0 1 1 1 1 1 0 1 1 1 1 1 0 1 1 1 1]
Objectifs : [40.0, 42]
Rang : 1

Individu : [0 1 1 0 0 0 0 0 0 0 0 0 0 0 0 0 0 0 0 0 0 0 0 0 0 0 0 0 0 0 0 0 0 0 0 0 0
 0 0 0 0 0 0 0 0 0 0 0 0 0 0 0 0 0 0 0]
Objectifs : [62.424242424242415, 2]
Rang : 1

Individu : [0 1 1 0 1 1 1 0 1 1 1 0 1 0 0 0 0 0 1 0 0 1 0 1 0 1 1 0 0 1 0 0 0 1 0 0 0
 0 0 0 1 0 1 0 0 0 1 0 0 0 0 0 0 0 0 1]
Objectifs : [40.909090909090914, 20]
Rang : 1

Individu : [0 1 1 1 1 1 0 1 0 0 1 1 1 1 1 0 0 1 0 0 0 0 1 1 1 0 1 1 1 0 1 0 0 0 0 0 1
 0 1 0 0 1 1 0 0 0 0 0 0 0 0 0 0 0 1 0]
Objectifs : [40.303030303030305, 24]
Rang : 1

Individu : [1 0 1 0 0 1 0 0 1 1 1 1 1 1 1 1 1 1 1 1 1 0 0 0 1 1 0 1 0 1 0 1 0 1 1 1 1
 0 0 1 1 1 1 1 1 1 1 1 0 1 1 0 1 1 1 1]
Objectifs : [33.93939393939394, 40]
Rang : 1

Individu : [0 0 0 0 0 1 0 0 0 0 0 0 0 0 0 0 0 0 0 0 0 0 0 0 0 0 0 0 0 0 0 0 0 0 0 0 0
 0 0 0 0 0 0 0 0 0 0 0 0 0 0 0 0 0 0 0]
Objectifs : [43.93939393939394, 1]
Rang : 1

Individu : [1 1 1 1 1 1 0 1 0 1 1 1 1 1 1 0 0 0 0 1 1 0 0 1 1 0 0 1 0 1 0 1 0 0 1 0 1
 0 0 0 1 0 0 1 0 0 0 0 0 0 0 0 0 1 0 0]
Objectifs : [36.96969696969697, 25]
Rang : 1

Individu : [1 1 0 0 1 0 1 0 0 0 0 1 0 0 0 0 0 0 1 0 0 0 1 0 0 0 0 0 1 0 0 0 0 0 0 0 0
 0 0 0 0 0 0 0 0 0 0 0 0 0 0 0 0 0 0 0]
Objectifs : [40.909090909090914, 8]
Rang : 1

Individu : [0 1 1 0 0 0 0 0 1 0 1 1 1 1 0 1 1 1 1 1 1 1 1 1 1 1 1 1 1 1 1 1 1 1 1 1 1
 1 1 1 1 1 1 1 1 1 1 1 1 1 1 1 1 1 1 1]
Objectifs : [31.212121212121207, 48]
Rang : 1

Individu : [1 0 1 1 1 0 1 0 1 1 1 1 1 1 0 1 1 0 1 0 0 0 1 0 0 0 1 0 0 1 0 0 0 1 0 0 0
 0 1 0 0 0 1 0 0 0 0 0 0 0 0 0 1 1 0 0]
Objectifs : [37.27272727272727, 22]
Rang : 1

Individu : [0 0 1 1 0 1 0 0 1 1 1 1 1 1 1 1 1 0 1 1 1 1 1 0 1 1 1 1 1 1 1 1 1 1 1 1 1
 1 1 1 1 1 1 1 1 1 1 1 1 1 1 1 1 1 1 1]
Objectifs : [27.575757575757574, 49]
Rang : 1

Individu : [1 1 1 1 1 0 1 1 1 1 0 0 1 1 0 1 1 1 1 1 1 0 0 0 0 0 0 0 0 1 0 0 0 1 1 0 1
 0 1 0 0 1 0 0 1 0 0 0 0 0 0 0 0 0 0 1]
Objectifs : [37.57575757575758, 25]
Rang : 1

Individu : [1 1 1 1 1 0 0 0 1 1 1 1 0 1 0 0 0 0 0 0 0 0 0 0 0 0 1 0 0 0 0 0 0 0 0 0 0
 0 0 0 0 0 0 0 0 0 0 0 0 0 0 0 0 0 0 0]
Objectifs : [40.60606060606061, 11]
Rang : 1

Individu : [0 1 1 0 0 1 0 0 1 0 1 1 0 0 0 0 0 0 1 1 0 0 0 0 0 0 0 0 0 1 0 0 0 0 0 0 0
 0 0 0 0 0 0 0 0 1 1 0 0 0 0 0 0 0 0 0]
Objectifs : [40.60606060606061, 11]
Rang : 1

Individu : [1 0 0 1 0 1 0 0 0 0 0 0 0 0 0 1 0 0 0 0 0 0 0 0 0 0 0 0 0 0 0 0 0 0 0 0 0
 0 0 1 0 1 0 0 0 0 0 0 0 0 0 0 0 0 0 0]
Objectifs : [47.57575757575758, 6]
Rang : 1

Individu : [0 0 1 0 0 0 0 0 0 0 0 0 0 0 0 0 0 0 0 0 0 0 0 0 0 0 0 0 0 0 0 0 0 0 0 0 0
 0 0 0 0 0 0 0 0 0 0 0 0 0 0 0 0 0 0 0]
Objectifs : [68.78787878787878, 1]
Rang : 1

Individu : [0 1 1 0 0 1 1 0 1 1 1 0 1 1 0 0 0 1 1 1 1 0 1 0 0 0 1 0 1 0 0 0 1 1 1 1 1
 0 0 0 0 0 0 0 1 0 0 0 0 0 0 0 0 0 0 0]
Objectifs : [37.878787878787875, 22]
Rang : 1

Individu : [1 1 0 0 0 1 0 0 1 0 0 0 0 0 0 1 0 0 1 0 0 1 1 0 0 0 0 0 0 0 0 0 1 0 0 0 0
 0 0 0 0 0 0 0 0 0 0 0 0 0 0 0 0 0 0 0]
Objectifs : [41.21212121212121, 9]
Rang : 1

Individu : [0 1 0 0 0 0 0 0 0 1 0 0 0 0 0 0 0 0 0 0 0 0 0 0 0 0 0 0 0 0 0 0 0 0 0 0 0
 0 0 0 0 0 0 0 0 0 0 0 0 0 0 0 0 0 0 0]
Objectifs : [50.0, 2]
Rang : 1

Individu : [1 1 1 0 0 1 1 1 0 0 0 0 0 0 0 0 0 1 0 0 0 0 0 0 0 0 0 0 0 1 0 0 0 0 0 0 0
 0 0 0 0 0 0 0 0 0 0 1 0 0 0 0 0 0 0 0]
Objectifs : [46.060606060606055, 9]
Rang : 1

Individu : [0 0 1 1 0 1 1 1 0 1 1 1 1 1 1 0 1 0 1 1 1 1 1 1 1 1 1 1 1 1 1 0 1 1 1 1 1
 1 1 1 1 1 1 1 1 1 1 1 1 1 1 1 1 1 1 1]
Objectifs : [33.93939393939394, 49]
Rang : 1

Individu : [0 1 0 1 0 1 0 0 1 0 0 1 0 0 0 0 1 0 0 0 0 0 0 0 0 0 0 0 0 0 0 0 0 0 0 0 1
 0 0 1 1 0 0 0 0 0 0 0 0 0 0 0 0 0 0 0]
Objectifs : [46.666666666666664, 9]
Rang : 1

Individu : [0 1 1 1 1 1 1 1 0 1 1 1 1 1 1 1 1 1 1 1 1 1 1 1 1 1 1 1 1 1 1 1 1 1 1 1 1
 1 1 1 1 1 1 1 1 1 1 1 1 1 1 1 1 1 1 1]
Objectifs : [33.93939393939394, 54]
Rang : 1

Individu : [1 0 1 0 0 0 0 1 0 0 0 0 0 0 0 0 0 0 0 0 0 0 0 0 0 1 1 1 0 0 0 0 0 0 0 0 0
 0 0 0 0 0 0 0 0 0 0 0 0 0 0 0 0 0 0 0]
Objectifs : [49.69696969696969, 6]
Rang : 1

Individu : [0 1 0 0 0 0 0 0 0 0 0 0 0 0 0 0 0 0 0 0 0 0 0 0 0 0 0 0 0 0 0 0 0 0 0 0 0
 0 0 0 0 0 0 0 0 0 0 0 0 0 0 0 0 0 0 0]
Objectifs : [69.0909090909091, 1]
Rang : 1

Individu : [0 1 0 0 0 0 0 0 0 0 0 0 0 0 0 0 0 0 0 0 0 0 0 0 0 0 0 0 0 0 0 0 0 0 0 0 0
 0 0 0 0 0 0 0 0 0 0 0 1 0 0 0 0 0 0 0]
Objectifs : [50.0, 2]
Rang : 1

Individu : [1 1 1 0 0 0 0 1 0 0 0 1 0 0 0 0 1 0 1 0 0 0 0 0 1 0 0 0 0 1 0 0 0 1 0 0 0
 0 0 0 0 0 0 0 0 0 1 0 1 0 0 0 0 0 0 0]
Objectifs : [40.60606060606061, 12]
Rang : 1

Individu : [0 1 0 0 0 0 0 1 0 1 0 0 0 0 0 0 0 0 1 0 0 1 0 0 0 0 0 0 0 0 0 0 0 0 0 0 0
 0 0 0 0 0 0 0 0 0 0 0 0 0 0 0 0 0 0 0]
Objectifs : [50.0, 5]
Rang : 1

Individu : [0 0 0 1 0 0 0 0 0 0 0 0 0 0 0 0 0 0 0 0 0 0 0 0 0 0 0 0 0 0 0 0 0 0 0 0 0
 0 0 0 0 0 0 0 0 0 0 0 0 0 0 0 0 0 0 0]
Objectifs : [75.15151515151516, 1]
Rang : 1

Individu : [0 1 0 1 0 1 0 0 0 0 0 0 0 0 0 0 0 0 0 0 0 0 0 0 0 0 0 0 0 0 0 0 0 0 0 0 0
 0 0 0 0 0 0 0 0 0 0 0 0 0 0 0 0 0 0 0]
Objectifs : [50.303030303030305, 3]
Rang : 1

Individu : [0 1 0 1 0 0 0 0 0 0 0 0 0 0 0 0 0 1 0 0 0 0 0 0 0 0 0 0 0 0 0 0 0 0 0 0 0
 0 0 0 0 0 0 0 0 0 0 0 0 0 0 0 0 0 0 0]
Objectifs : [56.06060606060607, 3]
Rang : 1

Individu : [0 0 0 0 0 0 0 0 0 0 1 0 0 0 0 0 0 0 1 1 0 0 0 1 0 0 0 1 0 0 0 0 0 0 0 0 0
 1 0 0 0 0 0 0 0 0 0 0 0 0 0 0 0 0 0 0]
Objectifs : [50.303030303030305, 6]
Rang : 1

