Résultats pour la méthode sat:

Individu : [1 1 1 1 1 0 0 1 1 1 0 1 1 0 1 1 1 0 0 1 1 1 1 1 0 0 0 1 1 1 0 1 1 0 0 1]
Objectifs : [9.536032542508027, 24]
Rang : 1

Individu : [0 0 0 0 1 0 0 0 0 1 0 0 1 0 1 0 0 1 0 1 0 1 0 0 0 0 0 0 0 0 0 0 0 0 0 0]
Objectifs : [12.242374407036756, 7]
Rang : 1

Individu : [1 0 0 0 0 0 0 1 0 0 0 0 0 0 1 0 0 0 0 0 1 1 0 1 1 0 0 1 1 0 0 0 0 0 0 0]
Objectifs : [11.920001744238562, 9]
Rang : 1

Individu : [1 1 1 1 1 0 0 1 1 1 0 1 1 0 1 1 1 0 0 1 1 1 1 1 0 0 0 1 1 1 0 1 1 0 0 1]
Objectifs : [9.536032542508027, 24]
Rang : 1

Individu : [0 0 0 0 1 0 0 0 0 1 0 0 1 0 1 0 0 1 0 1 0 1 0 0 0 0 0 0 0 0 0 0 0 0 0 0]
Objectifs : [12.242374407036756, 7]
Rang : 1

Individu : [1 0 0 0 0 0 0 1 0 0 0 0 0 0 1 0 0 0 0 0 1 1 0 1 1 0 0 1 1 0 0 0 0 0 0 0]
Objectifs : [11.920001744238562, 9]
Rang : 1

Individu : [1 1 0 0 0 1 0 0 1 0 1 1 1 1 0 1 1 0 0 0 0 1 0 1 0 0 1 0 1 0 0 1 0 0 0 0]
Objectifs : [10.18049754404981, 15]
Rang : 1

Individu : [0 1 1 1 0 1 1 0 1 0 0 1 1 1 1 0 0 1 0 1 0 1 0 1 0 1 1 0 0 0 0 0 1 0 0 0]
Objectifs : [10.148322572004348, 17]
Rang : 1

Individu : [1 1 1 1 1 0 0 1 1 1 0 1 1 0 1 1 1 0 0 1 1 1 1 1 0 0 0 1 1 1 0 1 1 0 0 1]
Objectifs : [9.536032542508027, 24]
Rang : 1

Individu : [0 0 0 0 1 0 0 0 0 1 0 0 1 0 1 0 0 1 0 1 0 1 0 0 0 0 0 0 0 0 0 0 0 0 0 0]
Objectifs : [12.242374407036756, 7]
Rang : 1

Individu : [1 0 0 0 0 0 0 1 0 0 0 0 0 0 1 0 0 0 0 0 1 1 0 1 1 0 0 1 1 0 0 0 0 0 0 0]
Objectifs : [11.920001744238562, 9]
Rang : 1

Individu : [1 1 0 0 0 1 0 0 1 0 1 1 1 1 0 1 1 0 0 0 0 1 0 1 0 0 1 0 1 0 0 1 0 0 0 0]
Objectifs : [10.18049754404981, 15]
Rang : 1

Individu : [0 1 1 1 0 1 1 0 1 0 0 1 1 1 1 0 0 1 0 1 0 1 0 1 0 1 1 0 0 0 0 0 1 0 0 0]
Objectifs : [10.148322572004348, 17]
Rang : 1

Individu : [1 0 0 0 0 0 0 0 0 0 0 0 1 1 1 0 0 0 0 0 0 1 0 0 0 0 0 0 0 0 0 0 0 0 0 1]
Objectifs : [13.756217743266772, 6]
Rang : 1

Individu : [1 1 1 1 1 0 0 1 1 1 0 1 1 0 1 1 1 0 0 1 1 1 1 1 0 0 0 1 1 1 0 1 1 0 0 1]
Objectifs : [9.536032542508027, 24]
Rang : 1

Individu : [0 0 0 0 1 0 0 0 0 1 0 0 1 0 1 0 0 1 0 1 0 1 0 0 0 0 0 0 0 0 0 0 0 0 0 0]
Objectifs : [12.242374407036756, 7]
Rang : 1

Individu : [1 0 0 0 0 0 0 1 0 0 0 0 0 0 1 0 0 0 0 0 1 1 0 1 1 0 0 1 1 0 0 0 0 0 0 0]
Objectifs : [11.920001744238562, 9]
Rang : 1

Individu : [1 1 0 0 0 1 0 0 1 0 1 1 1 1 0 1 1 0 0 0 0 1 0 1 0 0 1 0 1 0 0 1 0 0 0 0]
Objectifs : [10.18049754404981, 15]
Rang : 1

Individu : [0 1 1 1 0 1 1 0 1 0 0 1 1 1 1 0 0 1 0 1 0 1 0 1 0 1 1 0 0 0 0 0 1 0 0 0]
Objectifs : [10.148322572004348, 17]
Rang : 1

Individu : [1 0 0 0 0 0 0 0 0 0 0 0 1 1 1 0 0 0 0 0 0 1 0 0 0 0 0 0 0 0 0 0 0 0 0 1]
Objectifs : [13.756217743266772, 6]
Rang : 1

Individu : [0 0 0 1 0 0 0 0 0 0 0 0 0 0 0 0 0 0 0 0 0 0 0 0 0 0 0 0 0 0 0 0 0 0 0 0]
Objectifs : [49.54908318460585, 1]
Rang : 1

Individu : [1 1 1 1 1 0 0 1 1 1 0 1 1 0 1 1 1 0 0 1 1 1 1 1 0 0 0 1 1 1 0 1 1 0 0 1]
Objectifs : [9.536032542508027, 24]
Rang : 1

Individu : [0 0 0 0 1 0 0 0 0 1 0 0 1 0 1 0 0 1 0 1 0 1 0 0 0 0 0 0 0 0 0 0 0 0 0 0]
Objectifs : [12.242374407036756, 7]
Rang : 1

Individu : [1 0 0 0 0 0 0 1 0 0 0 0 0 0 1 0 0 0 0 0 1 1 0 1 1 0 0 1 1 0 0 0 0 0 0 0]
Objectifs : [11.920001744238562, 9]
Rang : 1

Individu : [1 1 0 0 0 1 0 0 1 0 1 1 1 1 0 1 1 0 0 0 0 1 0 1 0 0 1 0 1 0 0 1 0 0 0 0]
Objectifs : [10.18049754404981, 15]
Rang : 1

Individu : [0 1 1 1 0 1 1 0 1 0 0 1 1 1 1 0 0 1 0 1 0 1 0 1 0 1 1 0 0 0 0 0 1 0 0 0]
Objectifs : [10.148322572004348, 17]
Rang : 1

Individu : [1 0 0 0 0 0 0 0 0 0 0 0 1 1 1 0 0 0 0 0 0 1 0 0 0 0 0 0 0 0 0 0 0 0 0 1]
Objectifs : [13.756217743266772, 6]
Rang : 1

Individu : [0 0 0 1 0 0 0 0 0 0 0 0 0 0 0 0 0 0 0 0 0 0 0 0 0 0 0 0 0 0 0 0 0 0 0 0]
Objectifs : [49.54908318460585, 1]
Rang : 1

Individu : [1 1 1 1 1 0 0 1 1 1 0 1 1 0 1 1 1 0 0 1 1 1 1 1 0 0 0 1 1 1 0 1 1 0 0 1]
Objectifs : [9.536032542508027, 24]
Rang : 1

Individu : [0 0 0 0 1 0 0 0 0 1 0 0 1 0 1 0 0 1 0 1 0 1 0 0 0 0 0 0 0 0 0 0 0 0 0 0]
Objectifs : [12.242374407036756, 7]
Rang : 1

Individu : [1 0 0 0 0 0 0 1 0 0 0 0 0 0 1 0 0 0 0 0 1 1 0 1 1 0 0 1 1 0 0 0 0 0 0 0]
Objectifs : [11.920001744238562, 9]
Rang : 1

Individu : [1 1 0 0 0 1 0 0 1 0 1 1 1 1 0 1 1 0 0 0 0 1 0 1 0 0 1 0 1 0 0 1 0 0 0 0]
Objectifs : [10.18049754404981, 15]
Rang : 1

Individu : [0 1 1 1 0 1 1 0 1 0 0 1 1 1 1 0 0 1 0 1 0 1 0 1 0 1 1 0 0 0 0 0 1 0 0 0]
Objectifs : [10.148322572004348, 17]
Rang : 1

Individu : [1 0 0 0 0 0 0 0 0 0 0 0 1 1 1 0 0 0 0 0 0 1 0 0 0 0 0 0 0 0 0 0 0 0 0 1]
Objectifs : [13.756217743266772, 6]
Rang : 1

Individu : [0 0 0 1 0 0 0 0 0 0 0 0 0 0 0 0 0 0 0 0 0 0 0 0 0 0 0 0 0 0 0 0 0 0 0 0]
Objectifs : [49.54908318460585, 1]
Rang : 1

Individu : [0 1 1 1 0 0 0 0 1 1 1 1 1 1 1 1 1 1 1 1 1 1 0 1 1 0 1 1 1 1 1 1 1 1 1 1]
Objectifs : [9.471495715714033, 29]
Rang : 1

Individu : [1 1 1 1 1 0 0 1 1 1 0 1 1 0 1 1 1 0 0 1 1 1 1 1 0 0 0 1 1 1 0 1 1 0 0 1]
Objectifs : [9.536032542508027, 24]
Rang : 1

Individu : [0 0 0 0 1 0 0 0 0 1 0 0 1 0 1 0 0 1 0 1 0 1 0 0 0 0 0 0 0 0 0 0 0 0 0 0]
Objectifs : [12.242374407036756, 7]
Rang : 1

Individu : [1 0 0 0 0 0 0 1 0 0 0 0 0 0 1 0 0 0 0 0 1 1 0 1 1 0 0 1 1 0 0 0 0 0 0 0]
Objectifs : [11.920001744238562, 9]
Rang : 1

Individu : [1 1 0 0 0 1 0 0 1 0 1 1 1 1 0 1 1 0 0 0 0 1 0 1 0 0 1 0 1 0 0 1 0 0 0 0]
Objectifs : [10.18049754404981, 15]
Rang : 1

Individu : [0 1 1 1 0 1 1 0 1 0 0 1 1 1 1 0 0 1 0 1 0 1 0 1 0 1 1 0 0 0 0 0 1 0 0 0]
Objectifs : [10.148322572004348, 17]
Rang : 1

Individu : [1 0 0 0 0 0 0 0 0 0 0 0 1 1 1 0 0 0 0 0 0 1 0 0 0 0 0 0 0 0 0 0 0 0 0 1]
Objectifs : [13.756217743266772, 6]
Rang : 1

Individu : [0 0 0 1 0 0 0 0 0 0 0 0 0 0 0 0 0 0 0 0 0 0 0 0 0 0 0 0 0 0 0 0 0 0 0 0]
Objectifs : [49.54908318460585, 1]
Rang : 1

Individu : [0 1 1 1 0 0 0 0 1 1 1 1 1 1 1 1 1 1 1 1 1 1 0 1 1 0 1 1 1 1 1 1 1 1 1 1]
Objectifs : [9.471495715714033, 29]
Rang : 1

Individu : [1 1 1 1 1 0 0 1 1 1 0 1 1 0 1 1 1 0 0 1 1 1 1 1 0 0 0 1 1 1 0 1 1 0 0 1]
Objectifs : [9.536032542508027, 24]
Rang : 1

Individu : [0 0 0 0 1 0 0 0 0 1 0 0 1 0 1 0 0 1 0 1 0 1 0 0 0 0 0 0 0 0 0 0 0 0 0 0]
Objectifs : [12.242374407036756, 7]
Rang : 1

Individu : [1 0 0 0 0 0 0 1 0 0 0 0 0 0 1 0 0 0 0 0 1 1 0 1 1 0 0 1 1 0 0 0 0 0 0 0]
Objectifs : [11.920001744238562, 9]
Rang : 1

Individu : [1 1 0 0 0 1 0 0 1 0 1 1 1 1 0 1 1 0 0 0 0 1 0 1 0 0 1 0 1 0 0 1 0 0 0 0]
Objectifs : [10.18049754404981, 15]
Rang : 1

Individu : [0 1 1 1 0 1 1 0 1 0 0 1 1 1 1 0 0 1 0 1 0 1 0 1 0 1 1 0 0 0 0 0 1 0 0 0]
Objectifs : [10.148322572004348, 17]
Rang : 1

Individu : [1 0 0 0 0 0 0 0 0 0 0 0 1 1 1 0 0 0 0 0 0 1 0 0 0 0 0 0 0 0 0 0 0 0 0 1]
Objectifs : [13.756217743266772, 6]
Rang : 1

Individu : [0 0 0 1 0 0 0 0 0 0 0 0 0 0 0 0 0 0 0 0 0 0 0 0 0 0 0 0 0 0 0 0 0 0 0 0]
Objectifs : [49.54908318460585, 1]
Rang : 1

Individu : [0 1 1 1 0 0 0 0 1 1 1 1 1 1 1 1 1 1 1 1 1 1 0 1 1 0 1 1 1 1 1 1 1 1 1 1]
Objectifs : [9.471495715714033, 29]
Rang : 1

Individu : [0 1 0 1 1 0 0 0 0 1 1 1 1 1 1 1 1 0 1 1 0 1 0 0 1 0 1 0 1 0 0 1 0 1 0 1]
Objectifs : [9.922319089756648, 20]
Rang : 1

Individu : [1 1 1 1 1 0 0 1 1 1 0 1 1 0 1 1 1 0 0 1 1 1 1 1 0 0 0 1 1 1 0 1 1 0 0 1]
Objectifs : [9.536032542508027, 24]
Rang : 1

Individu : [0 0 0 0 1 0 0 0 0 1 0 0 1 0 1 0 0 1 0 1 0 1 0 0 0 0 0 0 0 0 0 0 0 0 0 0]
Objectifs : [12.242374407036756, 7]
Rang : 1

Individu : [1 0 0 0 0 0 0 1 0 0 0 0 0 0 1 0 0 0 0 0 1 1 0 1 1 0 0 1 1 0 0 0 0 0 0 0]
Objectifs : [11.920001744238562, 9]
Rang : 1

Individu : [1 1 0 0 0 1 0 0 1 0 1 1 1 1 0 1 1 0 0 0 0 1 0 1 0 0 1 0 1 0 0 1 0 0 0 0]
Objectifs : [10.18049754404981, 15]
Rang : 1

Individu : [0 1 1 1 0 1 1 0 1 0 0 1 1 1 1 0 0 1 0 1 0 1 0 1 0 1 1 0 0 0 0 0 1 0 0 0]
Objectifs : [10.148322572004348, 17]
Rang : 1

Individu : [1 0 0 0 0 0 0 0 0 0 0 0 1 1 1 0 0 0 0 0 0 1 0 0 0 0 0 0 0 0 0 0 0 0 0 1]
Objectifs : [13.756217743266772, 6]
Rang : 1

Individu : [0 0 0 1 0 0 0 0 0 0 0 0 0 0 0 0 0 0 0 0 0 0 0 0 0 0 0 0 0 0 0 0 0 0 0 0]
Objectifs : [49.54908318460585, 1]
Rang : 1

Individu : [0 1 1 1 0 0 0 0 1 1 1 1 1 1 1 1 1 1 1 1 1 1 0 1 1 0 1 1 1 1 1 1 1 1 1 1]
Objectifs : [9.471495715714033, 29]
Rang : 1

Individu : [0 1 0 1 1 0 0 0 0 1 1 1 1 1 1 1 1 0 1 1 0 1 0 0 1 0 1 0 1 0 0 1 0 1 0 1]
Objectifs : [9.922319089756648, 20]
Rang : 1

Individu : [1 1 1 1 1 0 0 1 1 1 0 1 1 0 1 1 1 0 0 1 1 1 1 1 0 0 0 1 1 1 0 1 1 0 0 1]
Objectifs : [9.536032542508027, 24]
Rang : 1

Individu : [0 0 0 0 1 0 0 0 0 1 0 0 1 0 1 0 0 1 0 1 0 1 0 0 0 0 0 0 0 0 0 0 0 0 0 0]
Objectifs : [12.242374407036756, 7]
Rang : 1

Individu : [1 0 0 0 0 0 0 1 0 0 0 0 0 0 1 0 0 0 0 0 1 1 0 1 1 0 0 1 1 0 0 0 0 0 0 0]
Objectifs : [11.920001744238562, 9]
Rang : 1

Individu : [1 1 0 0 0 1 0 0 1 0 1 1 1 1 0 1 1 0 0 0 0 1 0 1 0 0 1 0 1 0 0 1 0 0 0 0]
Objectifs : [10.18049754404981, 15]
Rang : 1

Individu : [0 1 1 1 0 1 1 0 1 0 0 1 1 1 1 0 0 1 0 1 0 1 0 1 0 1 1 0 0 0 0 0 1 0 0 0]
Objectifs : [10.148322572004348, 17]
Rang : 1

Individu : [1 0 0 0 0 0 0 0 0 0 0 0 1 1 1 0 0 0 0 0 0 1 0 0 0 0 0 0 0 0 0 0 0 0 0 1]
Objectifs : [13.756217743266772, 6]
Rang : 1

Individu : [0 0 0 1 0 0 0 0 0 0 0 0 0 0 0 0 0 0 0 0 0 0 0 0 0 0 0 0 0 0 0 0 0 0 0 0]
Objectifs : [49.54908318460585, 1]
Rang : 1

Individu : [0 1 1 1 0 0 0 0 1 1 1 1 1 1 1 1 1 1 1 1 1 1 0 1 1 0 1 1 1 1 1 1 1 1 1 1]
Objectifs : [9.471495715714033, 29]
Rang : 1

Individu : [0 1 0 1 1 0 0 0 0 1 1 1 1 1 1 1 1 0 1 1 0 1 0 0 1 0 1 0 1 0 0 1 0 1 0 1]
Objectifs : [9.922319089756648, 20]
Rang : 1

Individu : [0 0 1 0 1 0 0 1 1 0 0 0 1 1 0 0 1 0 0 1 0 1 0 0 0 0 0 0 0 1 0 0 0 0 0 0]
Objectifs : [11.308116627265562, 10]
Rang : 1

Individu : [1 1 1 1 1 0 0 1 1 1 0 1 1 0 1 1 1 0 0 1 1 1 1 1 0 0 0 1 1 1 0 1 1 0 0 1]
Objectifs : [9.536032542508027, 24]
Rang : 1

Individu : [0 0 0 0 1 0 0 0 0 1 0 0 1 0 1 0 0 1 0 1 0 1 0 0 0 0 0 0 0 0 0 0 0 0 0 0]
Objectifs : [12.242374407036756, 7]
Rang : 1

Individu : [1 0 0 0 0 0 0 1 0 0 0 0 0 0 1 0 0 0 0 0 1 1 0 1 1 0 0 1 1 0 0 0 0 0 0 0]
Objectifs : [11.920001744238562, 9]
Rang : 1

Individu : [1 1 0 0 0 1 0 0 1 0 1 1 1 1 0 1 1 0 0 0 0 1 0 1 0 0 1 0 1 0 0 1 0 0 0 0]
Objectifs : [10.18049754404981, 15]
Rang : 1

Individu : [0 1 1 1 0 1 1 0 1 0 0 1 1 1 1 0 0 1 0 1 0 1 0 1 0 1 1 0 0 0 0 0 1 0 0 0]
Objectifs : [10.148322572004348, 17]
Rang : 1

Individu : [1 0 0 0 0 0 0 0 0 0 0 0 1 1 1 0 0 0 0 0 0 1 0 0 0 0 0 0 0 0 0 0 0 0 0 1]
Objectifs : [13.756217743266772, 6]
Rang : 1

Individu : [0 0 0 1 0 0 0 0 0 0 0 0 0 0 0 0 0 0 0 0 0 0 0 0 0 0 0 0 0 0 0 0 0 0 0 0]
Objectifs : [49.54908318460585, 1]
Rang : 1

Individu : [0 1 1 1 0 0 0 0 1 1 1 1 1 1 1 1 1 1 1 1 1 1 0 1 1 0 1 1 1 1 1 1 1 1 1 1]
Objectifs : [9.471495715714033, 29]
Rang : 1

Individu : [0 1 0 1 1 0 0 0 0 1 1 1 1 1 1 1 1 0 1 1 0 1 0 0 1 0 1 0 1 0 0 1 0 1 0 1]
Objectifs : [9.922319089756648, 20]
Rang : 1

Individu : [0 0 1 0 1 0 0 1 1 0 0 0 1 1 0 0 1 0 0 1 0 1 0 0 0 0 0 0 0 1 0 0 0 0 0 0]
Objectifs : [11.308116627265562, 10]
Rang : 1

Individu : [1 1 1 1 1 0 0 1 1 1 0 1 1 0 1 1 1 0 0 1 1 1 1 1 0 0 0 1 1 1 0 1 1 0 0 1]
Objectifs : [9.536032542508027, 24]
Rang : 1

Individu : [0 0 0 0 1 0 0 0 0 1 0 0 1 0 1 0 0 1 0 1 0 1 0 0 0 0 0 0 0 0 0 0 0 0 0 0]
Objectifs : [12.242374407036756, 7]
Rang : 1

Individu : [1 0 0 0 0 0 0 1 0 0 0 0 0 0 1 0 0 0 0 0 1 1 0 1 1 0 0 1 1 0 0 0 0 0 0 0]
Objectifs : [11.920001744238562, 9]
Rang : 1

Individu : [1 1 0 0 0 1 0 0 1 0 1 1 1 1 0 1 1 0 0 0 0 1 0 1 0 0 1 0 1 0 0 1 0 0 0 0]
Objectifs : [10.18049754404981, 15]
Rang : 1

Individu : [0 1 1 1 0 1 1 0 1 0 0 1 1 1 1 0 0 1 0 1 0 1 0 1 0 1 1 0 0 0 0 0 1 0 0 0]
Objectifs : [10.148322572004348, 17]
Rang : 1

Individu : [1 0 0 0 0 0 0 0 0 0 0 0 1 1 1 0 0 0 0 0 0 1 0 0 0 0 0 0 0 0 0 0 0 0 0 1]
Objectifs : [13.756217743266772, 6]
Rang : 1

Individu : [0 0 0 1 0 0 0 0 0 0 0 0 0 0 0 0 0 0 0 0 0 0 0 0 0 0 0 0 0 0 0 0 0 0 0 0]
Objectifs : [49.54908318460585, 1]
Rang : 1

Individu : [0 1 1 1 0 0 0 0 1 1 1 1 1 1 1 1 1 1 1 1 1 1 0 1 1 0 1 1 1 1 1 1 1 1 1 1]
Objectifs : [9.471495715714033, 29]
Rang : 1

Individu : [0 1 0 1 1 0 0 0 0 1 1 1 1 1 1 1 1 0 1 1 0 1 0 0 1 0 1 0 1 0 0 1 0 1 0 1]
Objectifs : [9.922319089756648, 20]
Rang : 1

Individu : [0 0 1 0 1 0 0 1 1 0 0 0 1 1 0 0 1 0 0 1 0 1 0 0 0 0 0 0 0 1 0 0 0 0 0 0]
Objectifs : [11.308116627265562, 10]
Rang : 1

Individu : [1 1 1 1 1 0 0 1 1 1 0 1 1 0 1 1 1 0 0 1 1 1 1 1 0 0 0 1 1 1 0 1 1 0 0 1]
Objectifs : [9.536032542508027, 24]
Rang : 1

Individu : [0 0 0 0 1 0 0 0 0 1 0 0 1 0 1 0 0 1 0 1 0 1 0 0 0 0 0 0 0 0 0 0 0 0 0 0]
Objectifs : [12.242374407036756, 7]
Rang : 1

Individu : [1 0 0 0 0 0 0 1 0 0 0 0 0 0 1 0 0 0 0 0 1 1 0 1 1 0 0 1 1 0 0 0 0 0 0 0]
Objectifs : [11.920001744238562, 9]
Rang : 1

Individu : [1 1 0 0 0 1 0 0 1 0 1 1 1 1 0 1 1 0 0 0 0 1 0 1 0 0 1 0 1 0 0 1 0 0 0 0]
Objectifs : [10.18049754404981, 15]
Rang : 1

Individu : [0 1 1 1 0 1 1 0 1 0 0 1 1 1 1 0 0 1 0 1 0 1 0 1 0 1 1 0 0 0 0 0 1 0 0 0]
Objectifs : [10.148322572004348, 17]
Rang : 1

Individu : [1 0 0 0 0 0 0 0 0 0 0 0 1 1 1 0 0 0 0 0 0 1 0 0 0 0 0 0 0 0 0 0 0 0 0 1]
Objectifs : [13.756217743266772, 6]
Rang : 1

Individu : [0 0 0 1 0 0 0 0 0 0 0 0 0 0 0 0 0 0 0 0 0 0 0 0 0 0 0 0 0 0 0 0 0 0 0 0]
Objectifs : [49.54908318460585, 1]
Rang : 1

Individu : [0 1 1 1 0 0 0 0 1 1 1 1 1 1 1 1 1 1 1 1 1 1 0 1 1 0 1 1 1 1 1 1 1 1 1 1]
Objectifs : [9.471495715714033, 29]
Rang : 1

