Résultats pour la méthode lung_cancer:

Individu : [0 1 1 0 0 0 0 0 0 0 1 1 0 1 1 0 0 1 0 1 1 0 1 0 0 0 1 1 1 0 1 0 0 1 0 1 1
 1 1 0 1 1 1 0 0 1 0 0 0 1 0 1 1 0 0 0]
Objectifs : [30.606060606060602, 26]
Rang : 1

Individu : [0 1 1 0 0 0 0 0 0 0 1 1 0 1 1 0 0 1 0 1 1 0 1 0 0 0 1 1 1 0 1 0 0 1 0 1 1
 1 1 0 1 1 1 0 0 1 0 0 0 1 0 1 1 0 0 0]
Objectifs : [30.606060606060602, 26]
Rang : 1

Individu : [0 1 1 0 0 0 0 0 0 0 1 1 0 1 1 0 0 1 0 1 1 0 1 0 0 0 1 1 1 0 1 0 0 1 0 1 1
 1 1 0 1 1 1 0 0 1 0 0 0 1 0 1 1 0 0 0]
Objectifs : [30.606060606060602, 26]
Rang : 1

Individu : [0 1 1 0 0 0 0 0 0 0 1 1 0 1 1 0 0 1 0 1 1 0 1 0 0 0 1 1 1 0 1 0 0 1 0 1 1
 1 1 0 1 1 1 0 0 1 0 0 0 1 0 1 1 0 0 0]
Objectifs : [30.606060606060602, 26]
Rang : 1

Individu : [0 1 0 0 1 0 1 1 1 1 0 1 0 0 0 0 0 0 0 0 0 0 0 0 0 1 0 0 1 0 1 0 0 1 0 1 1
 0 0 0 0 0 0 0 0 1 0 0 0 0 0 0 0 0 1 0]
Objectifs : [36.96969696969697, 15]
Rang : 1

Individu : [0 1 1 0 0 0 0 0 0 0 1 1 0 1 1 0 0 1 0 1 1 0 1 0 0 0 1 1 1 0 1 0 0 1 0 1 1
 1 1 0 1 1 1 0 0 1 0 0 0 1 0 1 1 0 0 0]
Objectifs : [30.606060606060602, 26]
Rang : 1

Individu : [0 1 0 0 1 0 1 1 1 1 0 1 0 0 0 0 0 0 0 0 0 0 0 0 0 1 0 0 1 0 1 0 0 1 0 1 1
 0 0 0 0 0 0 0 0 1 0 0 0 0 0 0 0 0 1 0]
Objectifs : [36.96969696969697, 15]
Rang : 1

Individu : [1 0 1 1 1 1 0 1 1 1 1 1 1 1 0 0 0 0 1 0 1 0 0 0 0 1 1 1 0 0 0 0 0 0 0 0 0
 0 1 0 0 0 0 0 0 0 1 0 0 1 0 0 0 1 0 0]
Objectifs : [33.93939393939394, 21]
Rang : 1

Individu : [0 1 1 0 0 0 0 0 0 0 1 1 0 1 1 0 0 1 0 1 1 0 1 0 0 0 1 1 1 0 1 0 0 1 0 1 1
 1 1 0 1 1 1 0 0 1 0 0 0 1 0 1 1 0 0 0]
Objectifs : [30.606060606060602, 26]
Rang : 1

Individu : [0 1 0 0 1 0 1 1 1 1 0 1 0 0 0 0 0 0 0 0 0 0 0 0 0 1 0 0 1 0 1 0 0 1 0 1 1
 0 0 0 0 0 0 0 0 1 0 0 0 0 0 0 0 0 1 0]
Objectifs : [36.96969696969697, 15]
Rang : 1

Individu : [1 0 1 1 1 1 0 1 1 1 1 1 1 1 0 0 0 0 1 0 1 0 0 0 0 1 1 1 0 0 0 0 0 0 0 0 0
 0 1 0 0 0 0 0 0 0 1 0 0 1 0 0 0 1 0 0]
Objectifs : [33.93939393939394, 21]
Rang : 1

Individu : [0 1 1 0 0 0 0 0 0 0 1 1 0 1 1 0 0 1 0 1 1 0 1 0 0 0 1 1 1 0 1 0 0 1 0 1 1
 1 1 0 1 1 1 0 0 1 0 0 0 1 0 1 1 0 0 0]
Objectifs : [30.606060606060602, 26]
Rang : 1

Individu : [0 1 0 0 1 0 1 1 1 1 0 1 0 0 0 0 0 0 0 0 0 0 0 0 0 1 0 0 1 0 1 0 0 1 0 1 1
 0 0 0 0 0 0 0 0 1 0 0 0 0 0 0 0 0 1 0]
Objectifs : [36.96969696969697, 15]
Rang : 1

Individu : [1 0 1 1 1 1 0 1 1 1 1 1 1 1 0 0 0 0 1 0 1 0 0 0 0 1 1 1 0 0 0 0 0 0 0 0 0
 0 1 0 0 0 0 0 0 0 1 0 0 1 0 0 0 1 0 0]
Objectifs : [33.93939393939394, 21]
Rang : 1

Individu : [1 1 1 0 1 1 1 0 1 1 0 0 1 0 0 0 1 0 1 1 1 0 1 1 1 1 1 1 1 1 0 1 1 1 1 1 1
 1 1 1 0 1 1 0 0 0 1 1 1 1 1 0 1 1 1 1]
Objectifs : [30.606060606060602, 41]
Rang : 1

Individu : [0 0 0 0 0 1 0 0 0 0 0 0 0 0 0 0 0 0 0 0 0 0 0 0 0 0 0 0 0 0 0 0 0 0 0 0 0
 0 0 0 0 0 0 0 0 0 0 0 0 0 0 0 0 0 0 0]
Objectifs : [43.93939393939394, 1]
Rang : 1

Individu : [0 1 1 0 0 0 0 0 0 0 1 1 0 1 1 0 0 1 0 1 1 0 1 0 0 0 1 1 1 0 1 0 0 1 0 1 1
 1 1 0 1 1 1 0 0 1 0 0 0 1 0 1 1 0 0 0]
Objectifs : [30.606060606060602, 26]
Rang : 1

Individu : [0 1 0 0 1 0 1 1 1 1 0 1 0 0 0 0 0 0 0 0 0 0 0 0 0 1 0 0 1 0 1 0 0 1 0 1 1
 0 0 0 0 0 0 0 0 1 0 0 0 0 0 0 0 0 1 0]
Objectifs : [36.96969696969697, 15]
Rang : 1

Individu : [1 0 1 1 1 1 0 1 1 1 1 1 1 1 0 0 0 0 1 0 1 0 0 0 0 1 1 1 0 0 0 0 0 0 0 0 0
 0 1 0 0 0 0 0 0 0 1 0 0 1 0 0 0 1 0 0]
Objectifs : [33.93939393939394, 21]
Rang : 1

Individu : [0 0 0 0 0 1 0 0 0 0 0 0 0 0 0 0 0 0 0 0 0 0 0 0 0 0 0 0 0 0 0 0 0 0 0 0 0
 0 0 0 0 0 0 0 0 0 0 0 0 0 0 0 0 0 0 0]
Objectifs : [43.93939393939394, 1]
Rang : 1

Individu : [0 1 1 0 0 0 0 0 0 0 1 1 0 1 1 0 0 1 0 1 1 0 1 0 0 0 1 1 1 0 1 0 0 1 0 1 1
 1 1 0 1 1 1 0 0 1 0 0 0 1 0 1 1 0 0 0]
Objectifs : [30.606060606060602, 26]
Rang : 1

Individu : [0 1 0 0 1 0 1 1 1 1 0 1 0 0 0 0 0 0 0 0 0 0 0 0 0 1 0 0 1 0 1 0 0 1 0 1 1
 0 0 0 0 0 0 0 0 1 0 0 0 0 0 0 0 0 1 0]
Objectifs : [36.96969696969697, 15]
Rang : 1

Individu : [1 0 1 1 1 1 0 1 1 1 1 1 1 1 0 0 0 0 1 0 1 0 0 0 0 1 1 1 0 0 0 0 0 0 0 0 0
 0 1 0 0 0 0 0 0 0 1 0 0 1 0 0 0 1 0 0]
Objectifs : [33.93939393939394, 21]
Rang : 1

Individu : [0 0 0 0 0 1 0 0 0 0 0 0 0 0 0 0 0 0 0 0 0 0 0 0 0 0 0 0 0 0 0 0 0 0 0 0 0
 0 0 0 0 0 0 0 0 0 0 0 0 0 0 0 0 0 0 0]
Objectifs : [43.93939393939394, 1]
Rang : 1

Individu : [0 1 1 0 0 0 0 0 0 0 1 1 0 1 1 0 0 1 0 1 1 0 1 0 0 0 1 1 1 0 1 0 0 1 0 1 1
 1 1 0 1 1 1 0 0 1 0 0 0 1 0 1 1 0 0 0]
Objectifs : [30.606060606060602, 26]
Rang : 1

Individu : [0 1 0 0 1 0 1 1 1 1 0 1 0 0 0 0 0 0 0 0 0 0 0 0 0 1 0 0 1 0 1 0 0 1 0 1 1
 0 0 0 0 0 0 0 0 1 0 0 0 0 0 0 0 0 1 0]
Objectifs : [36.96969696969697, 15]
Rang : 1

Individu : [1 0 1 1 1 1 0 1 1 1 1 1 1 1 0 0 0 0 1 0 1 0 0 0 0 1 1 1 0 0 0 0 0 0 0 0 0
 0 1 0 0 0 0 0 0 0 1 0 0 1 0 0 0 1 0 0]
Objectifs : [33.93939393939394, 21]
Rang : 1

Individu : [0 0 0 0 0 1 0 0 0 0 0 0 0 0 0 0 0 0 0 0 0 0 0 0 0 0 0 0 0 0 0 0 0 0 0 0 0
 0 0 0 0 0 0 0 0 0 0 0 0 0 0 0 0 0 0 0]
Objectifs : [43.93939393939394, 1]
Rang : 1

Individu : [0 1 1 1 0 1 0 0 0 1 0 1 0 0 0 0 0 0 0 0 0 0 0 0 0 0 0 0 0 0 0 0 0 0 0 0 0
 0 1 0 0 0 0 0 0 0 0 0 0 0 0 0 0 0 0 0]
Objectifs : [40.303030303030305, 7]
Rang : 1

Individu : [0 1 1 0 0 0 0 0 0 0 1 1 0 1 1 0 0 1 0 1 1 0 1 0 0 0 1 1 1 0 1 0 0 1 0 1 1
 1 1 0 1 1 1 0 0 1 0 0 0 1 0 1 1 0 0 0]
Objectifs : [30.606060606060602, 26]
Rang : 1

Individu : [0 1 0 0 1 0 1 1 1 1 0 1 0 0 0 0 0 0 0 0 0 0 0 0 0 1 0 0 1 0 1 0 0 1 0 1 1
 0 0 0 0 0 0 0 0 1 0 0 0 0 0 0 0 0 1 0]
Objectifs : [36.96969696969697, 15]
Rang : 1

Individu : [1 0 1 1 1 1 0 1 1 1 1 1 1 1 0 0 0 0 1 0 1 0 0 0 0 1 1 1 0 0 0 0 0 0 0 0 0
 0 1 0 0 0 0 0 0 0 1 0 0 1 0 0 0 1 0 0]
Objectifs : [33.93939393939394, 21]
Rang : 1

Individu : [0 0 0 0 0 1 0 0 0 0 0 0 0 0 0 0 0 0 0 0 0 0 0 0 0 0 0 0 0 0 0 0 0 0 0 0 0
 0 0 0 0 0 0 0 0 0 0 0 0 0 0 0 0 0 0 0]
Objectifs : [43.93939393939394, 1]
Rang : 1

Individu : [0 1 1 1 0 1 0 0 0 1 0 1 0 0 0 0 0 0 0 0 0 0 0 0 0 0 0 0 0 0 0 0 0 0 0 0 0
 0 1 0 0 0 0 0 0 0 0 0 0 0 0 0 0 0 0 0]
Objectifs : [40.303030303030305, 7]
Rang : 1

Individu : [0 1 1 0 0 0 0 0 0 0 1 1 0 1 1 0 0 1 0 1 1 0 1 0 0 0 1 1 1 0 1 0 0 1 0 1 1
 1 1 0 1 1 1 0 0 1 0 0 0 1 0 1 1 0 0 0]
Objectifs : [30.606060606060602, 26]
Rang : 1

Individu : [0 1 0 0 1 0 1 1 1 1 0 1 0 0 0 0 0 0 0 0 0 0 0 0 0 1 0 0 1 0 1 0 0 1 0 1 1
 0 0 0 0 0 0 0 0 1 0 0 0 0 0 0 0 0 1 0]
Objectifs : [36.96969696969697, 15]
Rang : 1

Individu : [1 0 1 1 1 1 0 1 1 1 1 1 1 1 0 0 0 0 1 0 1 0 0 0 0 1 1 1 0 0 0 0 0 0 0 0 0
 0 1 0 0 0 0 0 0 0 1 0 0 1 0 0 0 1 0 0]
Objectifs : [33.93939393939394, 21]
Rang : 1

Individu : [0 0 0 0 0 1 0 0 0 0 0 0 0 0 0 0 0 0 0 0 0 0 0 0 0 0 0 0 0 0 0 0 0 0 0 0 0
 0 0 0 0 0 0 0 0 0 0 0 0 0 0 0 0 0 0 0]
Objectifs : [43.93939393939394, 1]
Rang : 1

Individu : [0 1 1 1 0 1 0 0 0 1 0 1 0 0 0 0 0 0 0 0 0 0 0 0 0 0 0 0 0 0 0 0 0 0 0 0 0
 0 1 0 0 0 0 0 0 0 0 0 0 0 0 0 0 0 0 0]
Objectifs : [40.303030303030305, 7]
Rang : 1

Individu : [0 1 1 0 0 0 0 0 0 0 1 1 0 1 1 0 0 1 0 1 1 0 1 0 0 0 1 1 1 0 1 0 0 1 0 1 1
 1 1 0 1 1 1 0 0 1 0 0 0 1 0 1 1 0 0 0]
Objectifs : [30.606060606060602, 26]
Rang : 1

Individu : [0 1 0 0 1 0 1 1 1 1 0 1 0 0 0 0 0 0 0 0 0 0 0 0 0 1 0 0 1 0 1 0 0 1 0 1 1
 0 0 0 0 0 0 0 0 1 0 0 0 0 0 0 0 0 1 0]
Objectifs : [36.96969696969697, 15]
Rang : 1

Individu : [1 0 1 1 1 1 0 1 1 1 1 1 1 1 0 0 0 0 1 0 1 0 0 0 0 1 1 1 0 0 0 0 0 0 0 0 0
 0 1 0 0 0 0 0 0 0 1 0 0 1 0 0 0 1 0 0]
Objectifs : [33.93939393939394, 21]
Rang : 1

Individu : [0 0 0 0 0 1 0 0 0 0 0 0 0 0 0 0 0 0 0 0 0 0 0 0 0 0 0 0 0 0 0 0 0 0 0 0 0
 0 0 0 0 0 0 0 0 0 0 0 0 0 0 0 0 0 0 0]
Objectifs : [43.93939393939394, 1]
Rang : 1

Individu : [0 1 1 1 0 1 0 0 0 1 0 1 0 0 0 0 0 0 0 0 0 0 0 0 0 0 0 0 0 0 0 0 0 0 0 0 0
 0 1 0 0 0 0 0 0 0 0 0 0 0 0 0 0 0 0 0]
Objectifs : [40.303030303030305, 7]
Rang : 1

Individu : [0 1 1 0 0 0 0 0 0 0 1 1 0 1 1 0 0 1 0 1 1 0 1 0 0 0 1 1 1 0 1 0 0 1 0 1 1
 1 1 0 1 1 1 0 0 1 0 0 0 1 0 1 1 0 0 0]
Objectifs : [30.606060606060602, 26]
Rang : 1

Individu : [0 1 0 0 1 0 1 1 1 1 0 1 0 0 0 0 0 0 0 0 0 0 0 0 0 1 0 0 1 0 1 0 0 1 0 1 1
 0 0 0 0 0 0 0 0 1 0 0 0 0 0 0 0 0 1 0]
Objectifs : [36.96969696969697, 15]
Rang : 1

Individu : [1 0 1 1 1 1 0 1 1 1 1 1 1 1 0 0 0 0 1 0 1 0 0 0 0 1 1 1 0 0 0 0 0 0 0 0 0
 0 1 0 0 0 0 0 0 0 1 0 0 1 0 0 0 1 0 0]
Objectifs : [33.93939393939394, 21]
Rang : 1

Individu : [0 0 0 0 0 1 0 0 0 0 0 0 0 0 0 0 0 0 0 0 0 0 0 0 0 0 0 0 0 0 0 0 0 0 0 0 0
 0 0 0 0 0 0 0 0 0 0 0 0 0 0 0 0 0 0 0]
Objectifs : [43.93939393939394, 1]
Rang : 1

Individu : [0 1 1 1 0 1 0 0 0 1 0 1 0 0 0 0 0 0 0 0 0 0 0 0 0 0 0 0 0 0 0 0 0 0 0 0 0
 0 1 0 0 0 0 0 0 0 0 0 0 0 0 0 0 0 0 0]
Objectifs : [40.303030303030305, 7]
Rang : 1

Individu : [0 1 1 0 0 0 0 0 0 0 1 1 0 1 1 0 0 1 0 1 1 0 1 0 0 0 1 1 1 0 1 0 0 1 0 1 1
 1 1 0 1 1 1 0 0 1 0 0 0 1 0 1 1 0 0 0]
Objectifs : [30.606060606060602, 26]
Rang : 1

Individu : [0 1 0 0 1 0 1 1 1 1 0 1 0 0 0 0 0 0 0 0 0 0 0 0 0 1 0 0 1 0 1 0 0 1 0 1 1
 0 0 0 0 0 0 0 0 1 0 0 0 0 0 0 0 0 1 0]
Objectifs : [36.96969696969697, 15]
Rang : 1

Individu : [1 0 1 1 1 1 0 1 1 1 1 1 1 1 0 0 0 0 1 0 1 0 0 0 0 1 1 1 0 0 0 0 0 0 0 0 0
 0 1 0 0 0 0 0 0 0 1 0 0 1 0 0 0 1 0 0]
Objectifs : [33.93939393939394, 21]
Rang : 1

Individu : [0 0 0 0 0 1 0 0 0 0 0 0 0 0 0 0 0 0 0 0 0 0 0 0 0 0 0 0 0 0 0 0 0 0 0 0 0
 0 0 0 0 0 0 0 0 0 0 0 0 0 0 0 0 0 0 0]
Objectifs : [43.93939393939394, 1]
Rang : 1

Individu : [0 1 1 1 0 1 0 0 0 1 0 1 0 0 0 0 0 0 0 0 0 0 0 0 0 0 0 0 0 0 0 0 0 0 0 0 0
 0 1 0 0 0 0 0 0 0 0 0 0 0 0 0 0 0 0 0]
Objectifs : [40.303030303030305, 7]
Rang : 1

Individu : [0 1 1 0 0 0 0 0 0 0 1 1 0 1 1 0 0 1 0 1 1 0 1 0 0 0 1 1 1 0 1 0 0 1 0 1 1
 1 1 0 1 1 1 0 0 1 0 0 0 1 0 1 1 0 0 0]
Objectifs : [30.606060606060602, 26]
Rang : 1

Individu : [0 1 0 0 1 0 1 1 1 1 0 1 0 0 0 0 0 0 0 0 0 0 0 0 0 1 0 0 1 0 1 0 0 1 0 1 1
 0 0 0 0 0 0 0 0 1 0 0 0 0 0 0 0 0 1 0]
Objectifs : [36.96969696969697, 15]
Rang : 1

Individu : [1 0 1 1 1 1 0 1 1 1 1 1 1 1 0 0 0 0 1 0 1 0 0 0 0 1 1 1 0 0 0 0 0 0 0 0 0
 0 1 0 0 0 0 0 0 0 1 0 0 1 0 0 0 1 0 0]
Objectifs : [33.93939393939394, 21]
Rang : 1

Individu : [0 0 0 0 0 1 0 0 0 0 0 0 0 0 0 0 0 0 0 0 0 0 0 0 0 0 0 0 0 0 0 0 0 0 0 0 0
 0 0 0 0 0 0 0 0 0 0 0 0 0 0 0 0 0 0 0]
Objectifs : [43.93939393939394, 1]
Rang : 1

Individu : [0 1 1 1 0 1 0 0 0 1 0 1 0 0 0 0 0 0 0 0 0 0 0 0 0 0 0 0 0 0 0 0 0 0 0 0 0
 0 1 0 0 0 0 0 0 0 0 0 0 0 0 0 0 0 0 0]
Objectifs : [40.303030303030305, 7]
Rang : 1

Individu : [1 1 1 1 1 1 1 1 1 1 1 1 0 0 0 1 1 1 1 0 0 0 1 1 0 0 0 0 1 0 0 0 0 0 0 0 0
 0 1 0 1 1 0 0 0 0 0 0 0 0 0 0 1 0 0 0]
Objectifs : [37.57575757575758, 23]
Rang : 1

Individu : [0 1 1 1 1 0 0 0 1 0 0 1 0 0 0 0 0 0 1 0 0 0 0 0 0 0 1 1 0 0 0 0 0 0 1 1 0
 0 0 0 1 0 0 0 0 0 0 0 0 0 0 0 0 0 1 1]
Objectifs : [37.57575757575758, 14]
Rang : 1

Individu : [0 1 0 0 0 0 0 0 0 0 1 0 0 1 0 0 0 0 1 0 0 1 0 0 0 0 0 1 0 0 0 0 1 0 0 0 0
 1 0 0 0 0 1 0 0 0 0 0 0 0 0 0 0 0 0 1]
Objectifs : [37.878787878787875, 10]
Rang : 1

Individu : [1 1 0 0 0 0 1 0 0 1 1 0 0 0 0 0 0 0 0 0 0 0 0 1 0 1 0 0 0 0 0 0 0 0 0 0 0
 0 0 0 0 0 0 0 0 0 0 0 0 0 0 0 1 0 0 0]
Objectifs : [40.0, 8]
Rang : 1

Individu : [0 1 1 0 0 0 0 0 0 0 1 1 0 1 1 0 0 1 0 1 1 0 1 0 0 0 1 1 1 0 1 0 0 1 0 1 1
 1 1 0 1 1 1 0 0 1 0 0 0 1 0 1 1 0 0 0]
Objectifs : [30.606060606060602, 26]
Rang : 1

Individu : [0 1 0 0 1 0 1 1 1 1 0 1 0 0 0 0 0 0 0 0 0 0 0 0 0 1 0 0 1 0 1 0 0 1 0 1 1
 0 0 0 0 0 0 0 0 1 0 0 0 0 0 0 0 0 1 0]
Objectifs : [36.96969696969697, 15]
Rang : 1

Individu : [1 0 1 1 1 1 0 1 1 1 1 1 1 1 0 0 0 0 1 0 1 0 0 0 0 1 1 1 0 0 0 0 0 0 0 0 0
 0 1 0 0 0 0 0 0 0 1 0 0 1 0 0 0 1 0 0]
Objectifs : [33.93939393939394, 21]
Rang : 1

Individu : [0 0 0 0 0 1 0 0 0 0 0 0 0 0 0 0 0 0 0 0 0 0 0 0 0 0 0 0 0 0 0 0 0 0 0 0 0
 0 0 0 0 0 0 0 0 0 0 0 0 0 0 0 0 0 0 0]
Objectifs : [43.93939393939394, 1]
Rang : 1

Individu : [0 1 1 1 0 1 0 0 0 1 0 1 0 0 0 0 0 0 0 0 0 0 0 0 0 0 0 0 0 0 0 0 0 0 0 0 0
 0 1 0 0 0 0 0 0 0 0 0 0 0 0 0 0 0 0 0]
Objectifs : [40.303030303030305, 7]
Rang : 1

Individu : [0 1 1 1 1 0 0 0 1 0 0 1 0 0 0 0 0 0 1 0 0 0 0 0 0 0 1 1 0 0 0 0 0 0 1 1 0
 0 0 0 1 0 0 0 0 0 0 0 0 0 0 0 0 0 1 1]
Objectifs : [37.57575757575758, 14]
Rang : 1

Individu : [0 1 0 0 0 0 0 0 0 0 1 0 0 1 0 0 0 0 1 0 0 1 0 0 0 0 0 1 0 0 0 0 1 0 0 0 0
 1 0 0 0 0 1 0 0 0 0 0 0 0 0 0 0 0 0 1]
Objectifs : [37.878787878787875, 10]
Rang : 1

Individu : [1 1 0 0 0 0 1 0 0 1 1 0 0 0 0 0 0 0 0 0 0 0 0 1 0 1 0 0 0 0 0 0 0 0 0 0 0
 0 0 0 0 0 0 0 0 0 0 0 0 0 0 0 1 0 0 0]
Objectifs : [40.0, 8]
Rang : 1

Individu : [0 1 1 0 0 0 1 1 1 1 1 0 1 0 0 0 0 1 1 0 1 0 0 1 0 0 0 0 0 1 0 0 0 1 0 0 0
 0 0 0 0 0 0 1 0 0 0 0 0 1 0 0 0 0 0 1]
Objectifs : [34.24242424242425, 17]
Rang : 1

Individu : [0 1 1 0 0 0 0 0 0 0 1 1 0 1 1 0 0 1 0 1 1 0 1 0 0 0 1 1 1 0 1 0 0 1 0 1 1
 1 1 0 1 1 1 0 0 1 0 0 0 1 0 1 1 0 0 0]
Objectifs : [30.606060606060602, 26]
Rang : 1

Individu : [0 1 0 0 1 0 1 1 1 1 0 1 0 0 0 0 0 0 0 0 0 0 0 0 0 1 0 0 1 0 1 0 0 1 0 1 1
 0 0 0 0 0 0 0 0 1 0 0 0 0 0 0 0 0 1 0]
Objectifs : [36.96969696969697, 15]
Rang : 1

Individu : [1 0 1 1 1 1 0 1 1 1 1 1 1 1 0 0 0 0 1 0 1 0 0 0 0 1 1 1 0 0 0 0 0 0 0 0 0
 0 1 0 0 0 0 0 0 0 1 0 0 1 0 0 0 1 0 0]
Objectifs : [33.93939393939394, 21]
Rang : 1

Individu : [0 0 0 0 0 1 0 0 0 0 0 0 0 0 0 0 0 0 0 0 0 0 0 0 0 0 0 0 0 0 0 0 0 0 0 0 0
 0 0 0 0 0 0 0 0 0 0 0 0 0 0 0 0 0 0 0]
Objectifs : [43.93939393939394, 1]
Rang : 1

Individu : [0 1 1 1 0 1 0 0 0 1 0 1 0 0 0 0 0 0 0 0 0 0 0 0 0 0 0 0 0 0 0 0 0 0 0 0 0
 0 1 0 0 0 0 0 0 0 0 0 0 0 0 0 0 0 0 0]
Objectifs : [40.303030303030305, 7]
Rang : 1

Individu : [0 1 1 1 1 0 0 0 1 0 0 1 0 0 0 0 0 0 1 0 0 0 0 0 0 0 1 1 0 0 0 0 0 0 1 1 0
 0 0 0 1 0 0 0 0 0 0 0 0 0 0 0 0 0 1 1]
Objectifs : [37.57575757575758, 14]
Rang : 1

Individu : [0 1 0 0 0 0 0 0 0 0 1 0 0 1 0 0 0 0 1 0 0 1 0 0 0 0 0 1 0 0 0 0 1 0 0 0 0
 1 0 0 0 0 1 0 0 0 0 0 0 0 0 0 0 0 0 1]
Objectifs : [37.878787878787875, 10]
Rang : 1

Individu : [1 1 0 0 0 0 1 0 0 1 1 0 0 0 0 0 0 0 0 0 0 0 0 1 0 1 0 0 0 0 0 0 0 0 0 0 0
 0 0 0 0 0 0 0 0 0 0 0 0 0 0 0 1 0 0 0]
Objectifs : [40.0, 8]
Rang : 1

Individu : [0 0 1 1 0 1 1 1 1 1 1 1 1 1 1 1 0 1 1 1 1 1 1 1 1 1 1 1 1 1 1 1 1 1 1 1 1
 1 1 1 1 1 1 1 1 1 1 1 1 1 1 1 1 1 1 1]
Objectifs : [36.96969696969697, 52]
Rang : 1

Individu : [1 1 0 0 0 0 0 0 1 0 1 0 0 1 1 1 0 0 1 0 0 0 0 0 0 0 0 0 0 0 0 0 0 0 1 0 0
 0 0 0 0 0 0 0 0 0 0 0 0 0 0 0 0 0 0 0]
Objectifs : [46.96969696969697, 9]
Rang : 1

Individu : [1 0 0 0 0 0 0 0 0 1 0 1 0 0 0 0 0 0 1 1 0 1 1 0 1 0 1 1 0 1 0 1 1 1 0 1 1
 1 1 1 1 1 0 0 1 0 1 1 1 1 1 1 1 1 0 1]
Objectifs : [40.60606060606061, 31]
Rang : 1

Individu : [0 1 1 0 0 0 1 1 1 1 1 0 1 0 0 0 0 1 1 0 1 0 0 1 0 0 0 0 0 1 0 0 0 1 0 0 0
 0 0 0 0 0 0 1 0 0 0 0 0 1 0 0 0 0 0 1]
Objectifs : [34.24242424242425, 17]
Rang : 1

Individu : [0 1 1 0 0 0 0 0 0 0 1 1 0 1 1 0 0 1 0 1 1 0 1 0 0 0 1 1 1 0 1 0 0 1 0 1 1
 1 1 0 1 1 1 0 0 1 0 0 0 1 0 1 1 0 0 0]
Objectifs : [30.606060606060602, 26]
Rang : 1

Individu : [0 1 0 0 1 0 1 1 1 1 0 1 0 0 0 0 0 0 0 0 0 0 0 0 0 1 0 0 1 0 1 0 0 1 0 1 1
 0 0 0 0 0 0 0 0 1 0 0 0 0 0 0 0 0 1 0]
Objectifs : [36.96969696969697, 15]
Rang : 1

Individu : [1 0 1 1 1 1 0 1 1 1 1 1 1 1 0 0 0 0 1 0 1 0 0 0 0 1 1 1 0 0 0 0 0 0 0 0 0
 0 1 0 0 0 0 0 0 0 1 0 0 1 0 0 0 1 0 0]
Objectifs : [33.93939393939394, 21]
Rang : 1

Individu : [0 0 0 0 0 1 0 0 0 0 0 0 0 0 0 0 0 0 0 0 0 0 0 0 0 0 0 0 0 0 0 0 0 0 0 0 0
 0 0 0 0 0 0 0 0 0 0 0 0 0 0 0 0 0 0 0]
Objectifs : [43.93939393939394, 1]
Rang : 1

Individu : [0 1 1 1 0 1 0 0 0 1 0 1 0 0 0 0 0 0 0 0 0 0 0 0 0 0 0 0 0 0 0 0 0 0 0 0 0
 0 1 0 0 0 0 0 0 0 0 0 0 0 0 0 0 0 0 0]
Objectifs : [40.303030303030305, 7]
Rang : 1

Individu : [0 1 1 1 1 0 0 0 1 0 0 1 0 0 0 0 0 0 1 0 0 0 0 0 0 0 1 1 0 0 0 0 0 0 1 1 0
 0 0 0 1 0 0 0 0 0 0 0 0 0 0 0 0 0 1 1]
Objectifs : [37.57575757575758, 14]
Rang : 1

Individu : [0 1 0 0 0 0 0 0 0 0 1 0 0 1 0 0 0 0 1 0 0 1 0 0 0 0 0 1 0 0 0 0 1 0 0 0 0
 1 0 0 0 0 1 0 0 0 0 0 0 0 0 0 0 0 0 1]
Objectifs : [37.878787878787875, 10]
Rang : 1

Individu : [1 1 0 0 0 0 1 0 0 1 1 0 0 0 0 0 0 0 0 0 0 0 0 1 0 1 0 0 0 0 0 0 0 0 0 0 0
 0 0 0 0 0 0 0 0 0 0 0 0 0 0 0 1 0 0 0]
Objectifs : [40.0, 8]
Rang : 1

Individu : [0 1 1 0 0 0 1 1 1 1 1 0 1 0 0 0 0 1 1 0 1 0 0 1 0 0 0 0 0 1 0 0 0 1 0 0 0
 0 0 0 0 0 0 1 0 0 0 0 0 1 0 0 0 0 0 1]
Objectifs : [34.24242424242425, 17]
Rang : 1

Individu : [0 1 0 0 0 0 0 0 0 0 0 0 0 0 1 0 0 0 1 0 0 0 0 0 0 0 0 0 0 0 0 0 0 0 0 0 0
 0 0 0 0 0 0 0 0 0 0 0 0 0 0 0 0 0 0 0]
Objectifs : [50.303030303030305, 3]
Rang : 1

Individu : [0 1 0 1 0 0 1 0 0 0 0 0 0 0 0 0 0 1 0 0 0 0 0 0 0 0 0 0 0 0 0 0 0 0 0 0 0
 0 0 0 0 0 0 0 0 0 0 0 0 0 0 0 0 0 0 0]
Objectifs : [50.0, 4]
Rang : 1

Individu : [1 0 1 1 0 0 0 1 1 0 0 1 1 1 1 0 0 0 0 0 1 1 0 0 0 0 1 0 1 0 1 1 1 1 1 0 0
 1 1 1 1 1 0 1 1 1 0 0 0 1 0 1 1 1 1 1]
Objectifs : [40.909090909090914, 32]
Rang : 1

Individu : [0 1 1 0 1 1 0 0 1 1 0 1 1 1 1 0 0 1 1 0 1 1 0 1 0 1 1 1 0 1 0 1 1 1 1 1 1
 1 1 1 1 1 1 1 1 1 1 1 1 1 0 1 1 0 1 1]
Objectifs : [40.303030303030305, 42]
Rang : 1

Individu : [0 1 1 0 0 1 0 0 1 0 0 0 0 0 0 0 0 0 0 0 0 0 0 0 0 0 0 0 0 0 0 0 0 0 0 0 0
 0 0 0 0 0 0 0 0 0 0 0 0 0 0 0 0 0 0 0]
Objectifs : [50.0, 4]
Rang : 1

Individu : [0 0 0 1 0 1 0 0 0 0 0 0 0 0 0 1 0 0 0 0 0 0 0 0 0 0 0 0 0 0 0 0 0 0 0 0 0
 0 0 0 0 0 0 0 0 0 0 0 0 0 0 0 0 0 0 0]
Objectifs : [56.060606060606055, 3]
Rang : 1

Individu : [1 0 1 1 0 1 0 1 1 1 1 1 1 1 0 1 0 1 1 1 1 1 0 1 1 1 1 1 1 1 0 1 1 1 1 1 1
 1 1 1 1 0 1 1 1 1 1 1 1 1 1 1 1 1 1 1]
Objectifs : [40.303030303030305, 48]
Rang : 1

