Résultats pour la méthode ionosphere:

Individu : [0 0 0 0 1 1 0 0 0 0 0 0 0 0 0 0 0 0 0 0 0 0 0 0 0 0 0 0 0 0 0 0 0 0]
Objectifs : [11.422262370771856, 2]
Rang : 1

Individu : [0 0 1 0 1 0 0 1 0 0 0 0 0 0 0 0 0 0 0 0 0 0 0 0 0 0 0 0 0 0 0 0 0 0]
Objectifs : [9.79122754190505, 3]
Rang : 1

Individu : [0 0 0 0 1 1 0 0 0 0 0 0 0 0 0 0 0 0 0 0 0 0 0 0 0 0 0 0 0 0 0 0 0 0]
Objectifs : [11.422262370771856, 2]
Rang : 1

Individu : [0 0 1 0 1 0 0 1 0 0 0 0 0 0 0 0 0 0 0 0 0 0 0 0 0 0 0 0 0 0 0 0 0 0]
Objectifs : [9.79122754190505, 3]
Rang : 1

Individu : [0 0 0 0 1 1 0 0 0 0 0 0 0 0 0 0 0 0 0 0 0 0 0 0 0 0 0 0 0 0 0 0 0 0]
Objectifs : [11.422262370771856, 2]
Rang : 1

Individu : [0 0 1 0 1 0 0 1 0 0 0 0 0 0 0 0 0 0 0 0 0 0 0 0 0 0 0 0 0 0 0 0 0 0]
Objectifs : [9.79122754190505, 3]
Rang : 1

Individu : [0 0 0 0 1 1 0 0 0 0 0 0 0 0 0 0 0 0 0 0 0 0 0 0 0 0 0 0 0 0 0 0 0 0]
Objectifs : [11.422262370771856, 2]
Rang : 1

Individu : [0 0 1 0 1 0 0 1 0 0 0 0 0 0 0 0 0 0 0 0 0 0 0 0 0 0 0 0 0 0 0 0 0 0]
Objectifs : [9.79122754190505, 3]
Rang : 1

Individu : [0 0 0 0 1 1 0 0 0 0 0 0 0 0 0 0 0 0 0 0 0 0 0 0 0 0 0 0 0 0 0 0 0 0]
Objectifs : [11.422262370771856, 2]
Rang : 1

Individu : [0 0 1 0 1 0 0 1 0 0 0 0 0 0 0 0 0 0 0 0 0 0 0 0 0 0 0 0 0 0 0 0 0 0]
Objectifs : [9.79122754190505, 3]
Rang : 1

Individu : [0 0 0 0 1 1 0 0 0 0 0 0 0 0 0 0 0 0 0 0 0 0 0 0 0 0 0 0 0 0 0 0 0 0]
Objectifs : [11.422262370771856, 2]
Rang : 1

Individu : [0 0 1 0 1 0 0 1 0 0 0 0 0 0 0 0 0 0 0 0 0 0 0 0 0 0 0 0 0 0 0 0 0 0]
Objectifs : [9.79122754190505, 3]
Rang : 1

Individu : [0 0 0 0 1 1 0 0 0 0 0 0 0 0 0 0 0 0 0 0 0 0 0 0 0 0 0 0 0 0 0 0 0 0]
Objectifs : [11.422262370771856, 2]
Rang : 1

Individu : [0 0 1 0 1 0 0 1 0 0 0 0 0 0 0 0 0 0 0 0 0 0 0 0 0 0 0 0 0 0 0 0 0 0]
Objectifs : [9.79122754190505, 3]
Rang : 1

Individu : [0 0 0 1 0 0 0 0 0 0 0 0 0 0 0 0 0 0 0 0 0 0 0 0 0 0 0 0 0 0 0 0 0 0]
Objectifs : [18.769446953728796, 1]
Rang : 1

Individu : [0 0 0 0 1 1 0 0 0 0 0 0 0 0 0 0 0 0 0 0 0 0 0 0 0 0 0 0 0 0 0 0 0 0]
Objectifs : [11.422262370771856, 2]
Rang : 1

Individu : [0 0 1 0 1 0 0 1 0 0 0 0 0 0 0 0 0 0 0 0 0 0 0 0 0 0 0 0 0 0 0 0 0 0]
Objectifs : [9.79122754190505, 3]
Rang : 1

Individu : [0 0 0 1 0 0 0 0 0 0 0 0 0 0 0 0 0 0 0 0 0 0 0 0 0 0 0 0 0 0 0 0 0 0]
Objectifs : [18.769446953728796, 1]
Rang : 1

Individu : [0 0 1 1 1 1 0 0 0 0 0 0 0 0 0 0 0 0 0 0 0 0 0 0 0 0 0 0 0 0 0 0 0 0]
Objectifs : [9.389742045568603, 4]
Rang : 1

Individu : [0 0 0 0 1 1 0 0 0 0 0 0 0 0 0 0 0 0 0 0 0 0 0 0 0 0 0 0 0 0 0 0 0 0]
Objectifs : [11.422262370771856, 2]
Rang : 1

Individu : [0 0 1 0 1 0 0 1 0 0 0 0 0 0 0 0 0 0 0 0 0 0 0 0 0 0 0 0 0 0 0 0 0 0]
Objectifs : [9.79122754190505, 3]
Rang : 1

Individu : [0 0 0 1 0 0 0 0 0 0 0 0 0 0 0 0 0 0 0 0 0 0 0 0 0 0 0 0 0 0 0 0 0 0]
Objectifs : [18.769446953728796, 1]
Rang : 1

Individu : [0 0 1 1 1 1 0 0 0 0 0 0 0 0 0 0 0 0 0 0 0 0 0 0 0 0 0 0 0 0 0 0 0 0]
Objectifs : [9.389742045568603, 4]
Rang : 1

Individu : [0 0 0 0 1 1 0 0 0 0 0 0 0 0 0 0 0 0 0 0 0 0 0 0 0 0 0 0 0 0 0 0 0 0]
Objectifs : [11.422262370771856, 2]
Rang : 1

Individu : [0 0 1 0 1 0 0 1 0 0 0 0 0 0 0 0 0 0 0 0 0 0 0 0 0 0 0 0 0 0 0 0 0 0]
Objectifs : [9.79122754190505, 3]
Rang : 1

Individu : [0 0 0 1 0 0 0 0 0 0 0 0 0 0 0 0 0 0 0 0 0 0 0 0 0 0 0 0 0 0 0 0 0 0]
Objectifs : [18.769446953728796, 1]
Rang : 1

Individu : [0 0 1 1 1 1 0 0 0 0 0 0 0 0 0 0 0 0 0 0 0 0 0 0 0 0 0 0 0 0 0 0 0 0]
Objectifs : [9.389742045568603, 4]
Rang : 1

Individu : [0 0 0 0 1 1 0 0 0 0 0 0 0 0 0 0 0 0 0 0 0 0 0 0 0 0 0 0 0 0 0 0 0 0]
Objectifs : [11.422262370771856, 2]
Rang : 1

Individu : [0 0 1 0 1 0 0 1 0 0 0 0 0 0 0 0 0 0 0 0 0 0 0 0 0 0 0 0 0 0 0 0 0 0]
Objectifs : [9.79122754190505, 3]
Rang : 1

Individu : [0 0 0 1 0 0 0 0 0 0 0 0 0 0 0 0 0 0 0 0 0 0 0 0 0 0 0 0 0 0 0 0 0 0]
Objectifs : [18.769446953728796, 1]
Rang : 1

Individu : [0 0 1 1 1 1 0 0 0 0 0 0 0 0 0 0 0 0 0 0 0 0 0 0 0 0 0 0 0 0 0 0 0 0]
Objectifs : [9.389742045568603, 4]
Rang : 1

Individu : [0 0 0 0 0 1 0 0 0 0 0 0 0 0 0 0 0 0 0 0 0 0 0 0 0 0 0 0 0 0 0 0 0 0]
Objectifs : [19.206062430994685, 1]
Rang : 1

Individu : [0 0 0 0 1 1 0 0 0 0 0 0 0 0 0 0 0 0 0 0 0 0 0 0 0 0 0 0 0 0 0 0 0 0]
Objectifs : [11.422262370771856, 2]
Rang : 1

Individu : [0 0 1 0 1 0 0 1 0 0 0 0 0 0 0 0 0 0 0 0 0 0 0 0 0 0 0 0 0 0 0 0 0 0]
Objectifs : [9.79122754190505, 3]
Rang : 1

Individu : [0 0 0 1 0 0 0 0 0 0 0 0 0 0 0 0 0 0 0 0 0 0 0 0 0 0 0 0 0 0 0 0 0 0]
Objectifs : [18.769446953728796, 1]
Rang : 1

Individu : [0 0 1 1 1 1 0 0 0 0 0 0 0 0 0 0 0 0 0 0 0 0 0 0 0 0 0 0 0 0 0 0 0 0]
Objectifs : [9.389742045568603, 4]
Rang : 1

Individu : [0 1 1 1 1 1 0 0 1 0 0 0 0 0 0 0 0 0 0 0 0 0 0 0 0 0 0 0 0 0 0 0 0 0]
Objectifs : [8.973200843119542, 6]
Rang : 1

Individu : [0 0 0 0 1 1 0 0 0 0 0 0 0 0 0 0 0 0 0 0 0 0 0 0 0 0 0 0 0 0 0 0 0 0]
Objectifs : [11.422262370771856, 2]
Rang : 1

Individu : [0 0 1 0 1 0 0 1 0 0 0 0 0 0 0 0 0 0 0 0 0 0 0 0 0 0 0 0 0 0 0 0 0 0]
Objectifs : [9.79122754190505, 3]
Rang : 1

Individu : [0 0 0 1 0 0 0 0 0 0 0 0 0 0 0 0 0 0 0 0 0 0 0 0 0 0 0 0 0 0 0 0 0 0]
Objectifs : [18.769446953728796, 1]
Rang : 1

Individu : [0 0 1 1 1 1 0 0 0 0 0 0 0 0 0 0 0 0 0 0 0 0 0 0 0 0 0 0 0 0 0 0 0 0]
Objectifs : [9.389742045568603, 4]
Rang : 1

Individu : [0 1 1 1 1 1 0 0 1 0 0 0 0 0 0 0 0 0 0 0 0 0 0 0 0 0 0 0 0 0 0 0 0 0]
Objectifs : [8.973200843119542, 6]
Rang : 1

Individu : [0 0 0 0 1 1 0 0 0 0 0 0 0 0 0 0 0 0 0 0 0 0 0 0 0 0 0 0 0 0 0 0 0 0]
Objectifs : [11.422262370771856, 2]
Rang : 1

Individu : [0 0 1 0 1 0 0 1 0 0 0 0 0 0 0 0 0 0 0 0 0 0 0 0 0 0 0 0 0 0 0 0 0 0]
Objectifs : [9.79122754190505, 3]
Rang : 1

Individu : [0 0 0 1 0 0 0 0 0 0 0 0 0 0 0 0 0 0 0 0 0 0 0 0 0 0 0 0 0 0 0 0 0 0]
Objectifs : [18.769446953728796, 1]
Rang : 1

Individu : [0 0 1 1 1 1 0 0 0 0 0 0 0 0 0 0 0 0 0 0 0 0 0 0 0 0 0 0 0 0 0 0 0 0]
Objectifs : [9.389742045568603, 4]
Rang : 1

Individu : [0 1 1 1 1 1 0 0 1 0 0 0 0 0 0 0 0 0 0 0 0 0 0 0 0 0 0 0 0 0 0 0 0 0]
Objectifs : [8.973200843119542, 6]
Rang : 1

Individu : [0 0 0 0 1 1 0 0 0 0 0 0 0 0 0 0 0 0 0 0 0 0 0 0 0 0 0 0 0 0 0 0 0 0]
Objectifs : [11.422262370771856, 2]
Rang : 1

Individu : [0 0 1 0 1 0 0 1 0 0 0 0 0 0 0 0 0 0 0 0 0 0 0 0 0 0 0 0 0 0 0 0 0 0]
Objectifs : [9.79122754190505, 3]
Rang : 1

Individu : [0 0 0 1 0 0 0 0 0 0 0 0 0 0 0 0 0 0 0 0 0 0 0 0 0 0 0 0 0 0 0 0 0 0]
Objectifs : [18.769446953728796, 1]
Rang : 1

Individu : [0 0 1 1 1 1 0 0 0 0 0 0 0 0 0 0 0 0 0 0 0 0 0 0 0 0 0 0 0 0 0 0 0 0]
Objectifs : [9.389742045568603, 4]
Rang : 1

Individu : [0 1 1 1 1 1 0 0 1 0 0 0 0 0 0 0 0 0 0 0 0 0 0 0 0 0 0 0 0 0 0 0 0 0]
Objectifs : [8.973200843119542, 6]
Rang : 1

Individu : [0 0 0 0 1 1 0 0 0 0 0 0 0 0 0 0 0 0 0 0 0 0 0 0 0 0 0 0 0 0 0 0 0 0]
Objectifs : [11.422262370771856, 2]
Rang : 1

Individu : [0 0 1 0 1 0 0 1 0 0 0 0 0 0 0 0 0 0 0 0 0 0 0 0 0 0 0 0 0 0 0 0 0 0]
Objectifs : [9.79122754190505, 3]
Rang : 1

Individu : [0 0 0 1 0 0 0 0 0 0 0 0 0 0 0 0 0 0 0 0 0 0 0 0 0 0 0 0 0 0 0 0 0 0]
Objectifs : [18.769446953728796, 1]
Rang : 1

Individu : [0 0 1 1 1 1 0 0 0 0 0 0 0 0 0 0 0 0 0 0 0 0 0 0 0 0 0 0 0 0 0 0 0 0]
Objectifs : [9.389742045568603, 4]
Rang : 1

Individu : [0 1 1 1 1 1 0 0 1 0 0 0 0 0 0 0 0 0 0 0 0 0 0 0 0 0 0 0 0 0 0 0 0 0]
Objectifs : [8.973200843119542, 6]
Rang : 1

Individu : [0 0 1 1 1 0 0 0 0 0 1 0 0 0 0 0 0 0 0 0 0 0 0 0 0 0 0 0 0 0 0 0 0 0]
Objectifs : [11.442336645588679, 4]
Rang : 1

Individu : [0 0 0 0 1 1 0 0 0 0 0 0 0 0 0 0 0 0 0 0 0 0 0 0 0 0 0 0 0 0 0 0 0 0]
Objectifs : [11.422262370771856, 2]
Rang : 1

Individu : [0 0 1 0 1 0 0 1 0 0 0 0 0 0 0 0 0 0 0 0 0 0 0 0 0 0 0 0 0 0 0 0 0 0]
Objectifs : [9.79122754190505, 3]
Rang : 1

Individu : [0 0 0 1 0 0 0 0 0 0 0 0 0 0 0 0 0 0 0 0 0 0 0 0 0 0 0 0 0 0 0 0 0 0]
Objectifs : [18.769446953728796, 1]
Rang : 1

Individu : [0 0 1 1 1 1 0 0 0 0 0 0 0 0 0 0 0 0 0 0 0 0 0 0 0 0 0 0 0 0 0 0 0 0]
Objectifs : [9.389742045568603, 4]
Rang : 1

Individu : [0 1 1 1 1 1 0 0 1 0 0 0 0 0 0 0 0 0 0 0 0 0 0 0 0 0 0 0 0 0 0 0 0 0]
Objectifs : [8.973200843119542, 6]
Rang : 1

Individu : [1 0 0 1 1 0 1 0 0 0 0 0 0 0 0 0 0 0 0 0 0 0 0 0 0 0 0 0 0 0 0 0 0 0]
Objectifs : [12.240289069557363, 4]
Rang : 1

Individu : [0 0 0 0 1 0 1 1 1 1 0 0 0 0 0 0 0 0 0 0 0 0 0 0 0 0 0 0 0 0 0 0 0 0]
Objectifs : [11.422262370771856, 5]
Rang : 1

Individu : [0 0 0 0 1 1 0 0 0 0 0 0 0 0 0 0 0 0 0 0 0 0 0 0 0 0 0 0 0 0 0 0 0 0]
Objectifs : [11.422262370771856, 2]
Rang : 1

Individu : [0 0 1 0 1 0 0 1 0 0 0 0 0 0 0 0 0 0 0 0 0 0 0 0 0 0 0 0 0 0 0 0 0 0]
Objectifs : [9.79122754190505, 3]
Rang : 1

Individu : [0 0 0 1 0 0 0 0 0 0 0 0 0 0 0 0 0 0 0 0 0 0 0 0 0 0 0 0 0 0 0 0 0 0]
Objectifs : [18.769446953728796, 1]
Rang : 1

Individu : [0 0 1 1 1 1 0 0 0 0 0 0 0 0 0 0 0 0 0 0 0 0 0 0 0 0 0 0 0 0 0 0 0 0]
Objectifs : [9.389742045568603, 4]
Rang : 1

Individu : [0 1 1 1 1 1 0 0 1 0 0 0 0 0 0 0 0 0 0 0 0 0 0 0 0 0 0 0 0 0 0 0 0 0]
Objectifs : [8.973200843119542, 6]
Rang : 1

Individu : [1 1 0 0 0 0 0 1 0 0 0 0 1 0 0 0 0 0 1 0 0 0 0 0 0 0 0 0 0 0 0 0 0 0]
Objectifs : [11.010739737026999, 5]
Rang : 1

Individu : [0 0 0 0 1 1 0 0 0 0 0 0 0 0 0 0 0 0 0 0 0 0 0 0 0 0 0 0 0 0 0 0 0 0]
Objectifs : [11.422262370771856, 2]
Rang : 1

Individu : [0 0 1 0 1 0 0 1 0 0 0 0 0 0 0 0 0 0 0 0 0 0 0 0 0 0 0 0 0 0 0 0 0 0]
Objectifs : [9.79122754190505, 3]
Rang : 1

Individu : [0 0 0 1 0 0 0 0 0 0 0 0 0 0 0 0 0 0 0 0 0 0 0 0 0 0 0 0 0 0 0 0 0 0]
Objectifs : [18.769446953728796, 1]
Rang : 1

Individu : [0 0 1 1 1 1 0 0 0 0 0 0 0 0 0 0 0 0 0 0 0 0 0 0 0 0 0 0 0 0 0 0 0 0]
Objectifs : [9.389742045568603, 4]
Rang : 1

Individu : [0 1 1 1 1 1 0 0 1 0 0 0 0 0 0 0 0 0 0 0 0 0 0 0 0 0 0 0 0 0 0 0 0 0]
Objectifs : [8.973200843119542, 6]
Rang : 1

Individu : [0 0 0 0 0 0 0 0 0 0 1 0 0 0 0 0 0 0 0 0 0 0 0 0 0 0 0 0 0 0 0 0 0 0]
Objectifs : [23.672588577737628, 1]
Rang : 1

Individu : [1 0 0 0 0 0 0 1 0 0 0 0 0 0 0 0 0 0 0 0 0 0 0 0 0 0 0 0 0 0 0 0 0 0]
Objectifs : [20.806985847636252, 2]
Rang : 1

Individu : [1 0 0 0 0 1 0 0 0 0 0 0 0 0 0 0 0 0 0 0 0 0 0 0 0 0 0 0 0 0 0 0 0 0]
Objectifs : [21.248619893606342, 2]
Rang : 1

Individu : [0 0 0 0 1 1 0 0 0 0 0 0 0 0 0 0 0 0 0 0 0 0 0 0 0 0 0 0 0 0 0 0 0 0]
Objectifs : [11.422262370771856, 2]
Rang : 1

Individu : [0 0 1 0 1 0 0 1 0 0 0 0 0 0 0 0 0 0 0 0 0 0 0 0 0 0 0 0 0 0 0 0 0 0]
Objectifs : [9.79122754190505, 3]
Rang : 1

Individu : [0 0 0 1 0 0 0 0 0 0 0 0 0 0 0 0 0 0 0 0 0 0 0 0 0 0 0 0 0 0 0 0 0 0]
Objectifs : [18.769446953728796, 1]
Rang : 1

Individu : [0 0 1 1 1 1 0 0 0 0 0 0 0 0 0 0 0 0 0 0 0 0 0 0 0 0 0 0 0 0 0 0 0 0]
Objectifs : [9.389742045568603, 4]
Rang : 1

Individu : [0 1 1 1 1 1 0 0 1 0 0 0 0 0 0 0 0 0 0 0 0 0 0 0 0 0 0 0 0 0 0 0 0 0]
Objectifs : [8.973200843119542, 6]
Rang : 1

Individu : [0 0 0 0 0 1 0 0 0 0 0 0 0 0 0 0 0 0 0 0 0 0 0 0 0 0 0 0 0 0 0 0 0 0]
Objectifs : [19.206062430994685, 1]
Rang : 1

Individu : [0 1 0 0 0 1 1 1 0 0 0 0 0 1 0 0 0 0 0 0 0 0 0 0 0 0 0 0 0 0 0 0 0 0]
Objectifs : [9.79122754190505, 5]
Rang : 1

Individu : [0 0 0 0 0 0 0 1 0 0 0 0 0 0 0 0 0 0 0 0 0 0 0 0 0 0 0 0 0 0 0 0 0 0]
Objectifs : [21.619993977717552, 1]
Rang : 1

Individu : [0 0 1 1 0 0 0 0 0 0 0 0 0 0 0 0 0 0 0 0 0 0 0 0 0 0 0 0 0 0 0 0 0 0]
Objectifs : [13.454782695975108, 2]
Rang : 1

Individu : [0 0 0 0 0 0 0 1 0 0 0 0 1 0 0 0 0 0 0 0 0 0 0 0 0 0 0 0 0 0 0 0 0 0]
Objectifs : [14.282846532169028, 2]
Rang : 1

Individu : [1 0 1 1 0 1 0 0 0 0 0 0 0 0 0 0 0 0 0 0 0 0 0 0 0 0 0 0 0 0 0 0 0 0]
Objectifs : [9.796246110609253, 4]
Rang : 1

Individu : [0 1 1 1 1 0 0 0 0 0 0 0 0 0 0 0 0 0 0 0 0 0 0 0 0 0 0 0 0 0 0 0 0 0]
Objectifs : [9.806283248017666, 4]
Rang : 1

Individu : [0 0 1 0 0 1 0 0 0 0 0 0 0 0 0 0 0 0 0 0 0 0 0 0 0 0 0 0 0 0 0 0 0 0]
Objectifs : [14.292883669577435, 2]
Rang : 1

Individu : [0 0 1 1 1 0 0 1 0 0 0 0 0 0 0 0 0 0 0 0 0 0 0 0 0 0 0 0 0 0 0 0 0 0]
Objectifs : [9.806283248017667, 4]
Rang : 1

Individu : [1 0 0 0 1 0 1 1 0 0 0 0 0 0 0 0 0 0 0 0 0 0 0 0 0 0 0 0 0 0 0 0 0 0]
Objectifs : [10.1977316069457, 4]
Rang : 1

Individu : [1 0 1 1 1 0 0 0 0 0 0 0 0 0 0 0 0 0 0 1 0 0 0 0 0 0 0 0 0 0 0 0 0 0]
Objectifs : [10.604235671986348, 5]
Rang : 1

Individu : [0 0 0 0 1 0 0 0 0 0 0 0 0 0 0 0 0 0 0 0 0 0 0 0 0 0 0 0 0 0 0 0 0 0]
Objectifs : [22.448057813911472, 1]
Rang : 1

Individu : [1 0 1 1 1 0 0 0 0 0 0 0 0 0 0 0 0 0 0 0 0 0 0 0 0 0 0 0 0 0 0 0 0 0]
Objectifs : [10.61427280939476, 4]
Rang : 1

Individu : [0 1 1 1 0 1 1 1 0 0 0 0 0 0 0 0 0 0 0 0 0 0 0 0 0 0 0 0 0 0 0 0 0 0]
Objectifs : [10.20776874435411, 6]
Rang : 1

Individu : [0 1 1 1 1 1 0 0 0 0 1 0 0 0 0 0 0 0 0 0 0 0 0 0 0 0 0 0 0 0 0 0 0 0]
Objectifs : [10.212787313058316, 6]
Rang : 1

Individu : [1 0 0 0 1 1 0 0 0 0 0 0 0 0 0 0 0 0 0 1 0 0 0 0 0 0 0 0 0 0 0 0 0 0]
Objectifs : [11.010739737026999, 4]
Rang : 1

