Résultats pour la méthode wdbc:

Individu : [1 1 0 0 0 0 0 0 0 0 0 0 0 0 0 0 0 0 0 0 1 0 0 0 0 0 0 0 0 0]
Objectifs : [7.533986481354902, 3]
Rang : 1

Individu : [1 1 0 0 0 0 0 0 0 0 0 0 0 0 0 0 0 0 0 0 1 0 0 0 0 0 0 0 0 0]
Objectifs : [7.533986481354902, 3]
Rang : 1

Individu : [1 1 0 0 0 1 0 0 0 0 0 0 0 0 0 0 0 1 0 0 1 0 0 0 0 0 0 0 0 0]
Objectifs : [7.283359914938862, 5]
Rang : 1

Individu : [1 1 0 0 0 0 0 0 0 0 0 0 0 0 0 0 0 0 0 0 1 0 0 0 0 0 0 0 0 0]
Objectifs : [7.533986481354902, 3]
Rang : 1

Individu : [1 1 0 0 0 1 0 0 0 0 0 0 0 0 0 0 0 1 0 0 1 0 0 0 0 0 0 0 0 0]
Objectifs : [7.283359914938862, 5]
Rang : 1

Individu : [1 1 1 0 1 0 0 0 1 0 0 0 0 0 0 0 0 0 0 0 0 0 1 0 0 0 0 0 0 1]
Objectifs : [7.28146122882965, 7]
Rang : 1

Individu : [1 1 0 0 0 0 0 0 0 0 0 0 0 0 0 0 0 0 0 0 1 0 0 0 0 0 0 0 0 0]
Objectifs : [7.533986481354902, 3]
Rang : 1

Individu : [1 1 0 0 0 1 0 0 0 0 0 0 0 0 0 0 0 1 0 0 1 0 0 0 0 0 0 0 0 0]
Objectifs : [7.283359914938862, 5]
Rang : 1

Individu : [1 1 1 0 1 0 0 0 1 0 0 0 0 0 0 0 0 0 0 0 0 0 1 0 0 0 0 0 0 1]
Objectifs : [7.28146122882965, 7]
Rang : 1

Individu : [0 1 0 0 0 0 1 0 0 0 1 1 0 1 0 0 1 0 0 0 0 1 1 0 0 0 0 0 0 0]
Objectifs : [7.027037290195184, 8]
Rang : 1

Individu : [1 1 0 0 0 0 0 0 0 0 0 0 0 0 0 0 0 0 0 0 1 0 0 0 0 0 0 0 0 0]
Objectifs : [7.533986481354902, 3]
Rang : 1

Individu : [1 1 0 0 0 1 0 0 0 0 0 0 0 0 0 0 0 1 0 0 1 0 0 0 0 0 0 0 0 0]
Objectifs : [7.283359914938862, 5]
Rang : 1

Individu : [1 1 1 0 1 0 0 0 1 0 0 0 0 0 0 0 0 0 0 0 0 0 1 0 0 0 0 0 0 1]
Objectifs : [7.28146122882965, 7]
Rang : 1

Individu : [0 1 0 0 0 0 1 0 0 0 1 1 0 1 0 0 1 0 0 0 0 1 1 0 0 0 0 0 0 0]
Objectifs : [7.027037290195184, 8]
Rang : 1

Individu : [1 1 0 0 0 0 0 0 0 0 0 0 0 0 0 0 0 0 0 0 1 0 0 0 0 0 0 0 0 0]
Objectifs : [7.533986481354902, 3]
Rang : 1

Individu : [1 1 0 0 0 1 0 0 0 0 0 0 0 0 0 0 0 1 0 0 1 0 0 0 0 0 0 0 0 0]
Objectifs : [7.283359914938862, 5]
Rang : 1

Individu : [1 1 1 0 1 0 0 0 1 0 0 0 0 0 0 0 0 0 0 0 0 0 1 0 0 0 0 0 0 1]
Objectifs : [7.28146122882965, 7]
Rang : 1

Individu : [0 1 0 0 0 0 1 0 0 0 1 1 0 1 0 0 1 0 0 0 0 1 1 0 0 0 0 0 0 0]
Objectifs : [7.027037290195184, 8]
Rang : 1

Individu : [1 1 0 0 0 0 0 0 0 0 0 0 0 0 0 0 0 0 0 0 1 0 0 0 0 0 0 0 0 0]
Objectifs : [7.533986481354902, 3]
Rang : 1

Individu : [1 1 0 0 0 1 0 0 0 0 0 0 0 0 0 0 0 1 0 0 1 0 0 0 0 0 0 0 0 0]
Objectifs : [7.283359914938862, 5]
Rang : 1

Individu : [1 1 1 0 1 0 0 0 1 0 0 0 0 0 0 0 0 0 0 0 0 0 1 0 0 0 0 0 0 1]
Objectifs : [7.28146122882965, 7]
Rang : 1

Individu : [0 1 0 0 0 0 1 0 0 0 1 1 0 1 0 0 1 0 0 0 0 1 1 0 0 0 0 0 0 0]
Objectifs : [7.027037290195184, 8]
Rang : 1

Individu : [1 1 0 0 0 0 0 0 0 0 0 0 0 0 0 0 0 0 0 0 1 0 0 0 0 0 0 0 0 0]
Objectifs : [7.533986481354902, 3]
Rang : 1

Individu : [1 1 0 0 0 1 0 0 0 0 0 0 0 0 0 0 0 1 0 0 1 0 0 0 0 0 0 0 0 0]
Objectifs : [7.283359914938862, 5]
Rang : 1

Individu : [1 1 1 0 1 0 0 0 1 0 0 0 0 0 0 0 0 0 0 0 0 0 1 0 0 0 0 0 0 1]
Objectifs : [7.28146122882965, 7]
Rang : 1

Individu : [0 1 0 0 0 0 1 0 0 0 1 1 0 1 0 0 1 0 0 0 0 1 1 0 0 0 0 0 0 0]
Objectifs : [7.027037290195184, 8]
Rang : 1

Individu : [1 1 0 0 0 0 0 0 0 0 0 0 0 0 0 0 0 0 0 0 1 0 0 0 0 0 0 0 0 0]
Objectifs : [7.533986481354902, 3]
Rang : 1

Individu : [1 1 0 0 0 1 0 0 0 0 0 0 0 0 0 0 0 1 0 0 1 0 0 0 0 0 0 0 0 0]
Objectifs : [7.283359914938862, 5]
Rang : 1

Individu : [1 1 1 0 1 0 0 0 1 0 0 0 0 0 0 0 0 0 0 0 0 0 1 0 0 0 0 0 0 1]
Objectifs : [7.28146122882965, 7]
Rang : 1

Individu : [0 1 0 0 0 0 1 0 0 0 1 1 0 1 0 0 1 0 0 0 0 1 1 0 0 0 0 0 0 0]
Objectifs : [7.027037290195184, 8]
Rang : 1

Individu : [1 1 0 0 0 0 0 0 0 0 0 0 0 0 0 0 0 0 0 0 1 0 0 0 0 0 0 0 0 0]
Objectifs : [7.533986481354902, 3]
Rang : 1

Individu : [1 1 0 0 0 1 0 0 0 0 0 0 0 0 0 0 0 1 0 0 1 0 0 0 0 0 0 0 0 0]
Objectifs : [7.283359914938862, 5]
Rang : 1

Individu : [1 1 1 0 1 0 0 0 1 0 0 0 0 0 0 0 0 0 0 0 0 0 1 0 0 0 0 0 0 1]
Objectifs : [7.28146122882965, 7]
Rang : 1

Individu : [0 1 0 0 0 0 1 0 0 0 1 1 0 1 0 0 1 0 0 0 0 1 1 0 0 0 0 0 0 0]
Objectifs : [7.027037290195184, 8]
Rang : 1

Individu : [1 1 0 0 0 0 0 0 0 0 0 0 0 0 0 0 0 0 0 0 1 0 0 0 0 0 0 0 0 0]
Objectifs : [7.533986481354902, 3]
Rang : 1

Individu : [1 1 0 0 0 1 0 0 0 0 0 0 0 0 0 0 0 1 0 0 1 0 0 0 0 0 0 0 0 0]
Objectifs : [7.283359914938862, 5]
Rang : 1

Individu : [1 1 1 0 1 0 0 0 1 0 0 0 0 0 0 0 0 0 0 0 0 0 1 0 0 0 0 0 0 1]
Objectifs : [7.28146122882965, 7]
Rang : 1

Individu : [0 1 0 0 0 0 1 0 0 0 1 1 0 1 0 0 1 0 0 0 0 1 1 0 0 0 0 0 0 0]
Objectifs : [7.027037290195184, 8]
Rang : 1

Individu : [1 1 0 0 0 0 0 0 0 0 0 0 0 0 0 0 0 0 0 0 1 0 0 0 0 0 0 0 0 0]
Objectifs : [7.533986481354902, 3]
Rang : 1

Individu : [1 1 0 0 0 1 0 0 0 0 0 0 0 0 0 0 0 1 0 0 1 0 0 0 0 0 0 0 0 0]
Objectifs : [7.283359914938862, 5]
Rang : 1

Individu : [1 1 1 0 1 0 0 0 1 0 0 0 0 0 0 0 0 0 0 0 0 0 1 0 0 0 0 0 0 1]
Objectifs : [7.28146122882965, 7]
Rang : 1

Individu : [0 1 0 0 0 0 1 0 0 0 1 1 0 1 0 0 1 0 0 0 0 1 1 0 0 0 0 0 0 0]
Objectifs : [7.027037290195184, 8]
Rang : 1

Individu : [1 1 0 0 0 0 0 0 0 0 0 0 0 0 0 0 0 0 0 0 1 0 0 0 0 0 0 0 0 0]
Objectifs : [7.533986481354902, 3]
Rang : 1

Individu : [1 1 0 0 0 1 0 0 0 0 0 0 0 0 0 0 0 1 0 0 1 0 0 0 0 0 0 0 0 0]
Objectifs : [7.283359914938862, 5]
Rang : 1

Individu : [1 1 1 0 1 0 0 0 1 0 0 0 0 0 0 0 0 0 0 0 0 0 1 0 0 0 0 0 0 1]
Objectifs : [7.28146122882965, 7]
Rang : 1

Individu : [0 1 0 0 0 0 1 0 0 0 1 1 0 1 0 0 1 0 0 0 0 1 1 0 0 0 0 0 0 0]
Objectifs : [7.027037290195184, 8]
Rang : 1

Individu : [1 1 0 0 0 0 0 0 0 0 0 0 0 0 0 0 0 0 0 0 1 0 0 0 0 0 0 0 0 0]
Objectifs : [7.533986481354902, 3]
Rang : 1

Individu : [1 1 0 0 0 1 0 0 0 0 0 0 0 0 0 0 0 1 0 0 1 0 0 0 0 0 0 0 0 0]
Objectifs : [7.283359914938862, 5]
Rang : 1

Individu : [1 1 1 0 1 0 0 0 1 0 0 0 0 0 0 0 0 0 0 0 0 0 1 0 0 0 0 0 0 1]
Objectifs : [7.28146122882965, 7]
Rang : 1

Individu : [0 1 0 0 0 0 1 0 0 0 1 1 0 1 0 0 1 0 0 0 0 1 1 0 0 0 0 0 0 0]
Objectifs : [7.027037290195184, 8]
Rang : 1

Individu : [1 1 0 0 0 0 0 0 0 0 0 0 0 0 0 0 0 0 0 0 1 0 0 0 0 0 0 0 0 0]
Objectifs : [7.533986481354902, 3]
Rang : 1

Individu : [1 1 0 0 0 1 0 0 0 0 0 0 0 0 0 0 0 1 0 0 1 0 0 0 0 0 0 0 0 0]
Objectifs : [7.283359914938862, 5]
Rang : 1

Individu : [1 1 1 0 1 0 0 0 1 0 0 0 0 0 0 0 0 0 0 0 0 0 1 0 0 0 0 0 0 1]
Objectifs : [7.28146122882965, 7]
Rang : 1

Individu : [0 1 0 0 0 0 1 0 0 0 1 1 0 1 0 0 1 0 0 0 0 1 1 0 0 0 0 0 0 0]
Objectifs : [7.027037290195184, 8]
Rang : 1

Individu : [0 0 0 0 0 0 0 1 0 0 0 0 0 0 0 0 0 0 0 0 0 0 0 0 0 0 0 0 0 0]
Objectifs : [8.037138300296194, 1]
Rang : 1

Individu : [1 0 0 0 1 1 1 1 1 1 0 0 0 0 1 1 1 1 1 0 0 1 1 0 0 0 0 0 0 0]
Objectifs : [6.527682843472317, 14]
Rang : 1

Individu : [1 1 0 0 0 0 0 0 0 0 0 0 0 0 0 0 0 0 0 0 1 0 0 0 0 0 0 0 0 0]
Objectifs : [7.533986481354902, 3]
Rang : 1

Individu : [1 1 0 0 0 1 0 0 0 0 0 0 0 0 0 0 0 1 0 0 1 0 0 0 0 0 0 0 0 0]
Objectifs : [7.283359914938862, 5]
Rang : 1

Individu : [1 1 1 0 1 0 0 0 1 0 0 0 0 0 0 0 0 0 0 0 0 0 1 0 0 0 0 0 0 1]
Objectifs : [7.28146122882965, 7]
Rang : 1

Individu : [0 1 0 0 0 0 1 0 0 0 1 1 0 1 0 0 1 0 0 0 0 1 1 0 0 0 0 0 0 0]
Objectifs : [7.027037290195184, 8]
Rang : 1

Individu : [0 0 0 0 0 0 0 1 0 0 0 0 0 0 0 0 0 0 0 0 0 0 0 0 0 0 0 0 0 0]
Objectifs : [8.037138300296194, 1]
Rang : 1

Individu : [1 0 0 0 1 1 1 1 1 1 0 0 0 0 1 1 1 1 1 0 0 1 1 0 0 0 0 0 0 0]
Objectifs : [6.527682843472317, 14]
Rang : 1

Individu : [1 0 0 0 0 0 1 0 0 1 0 1 1 1 0 0 1 1 1 0 1 1 1 0 0 1 1 1 1 1]
Objectifs : [7.027037290195184, 17]
Rang : 1

Individu : [0 1 1 0 1 1 0 1 0 1 0 1 0 1 1 1 1 1 1 1 1 1 1 0 1 1 1 1 1 1]
Objectifs : [6.525784157363105, 23]
Rang : 1

Individu : [1 1 0 0 0 0 0 0 0 0 0 0 0 0 0 0 0 0 0 0 1 0 0 0 0 0 0 0 0 0]
Objectifs : [7.533986481354902, 3]
Rang : 1

Individu : [1 1 0 0 0 1 0 0 0 0 0 0 0 0 0 0 0 1 0 0 1 0 0 0 0 0 0 0 0 0]
Objectifs : [7.283359914938862, 5]
Rang : 1

Individu : [1 1 1 0 1 0 0 0 1 0 0 0 0 0 0 0 0 0 0 0 0 0 1 0 0 0 0 0 0 1]
Objectifs : [7.28146122882965, 7]
Rang : 1

Individu : [0 1 0 0 0 0 1 0 0 0 1 1 0 1 0 0 1 0 0 0 0 1 1 0 0 0 0 0 0 0]
Objectifs : [7.027037290195184, 8]
Rang : 1

Individu : [0 0 0 0 0 0 0 0 1 0 0 1 0 0 0 0 0 0 0 0 1 0 0 0 0 0 0 0 0 0]
Objectifs : [10.294676084149767, 3]
Rang : 1

Individu : [0 0 0 0 0 0 0 1 0 0 0 0 0 0 0 0 0 0 0 0 0 0 0 0 0 0 0 0 0 0]
Objectifs : [8.037138300296194, 1]
Rang : 1

Individu : [1 0 0 0 1 1 1 1 1 1 0 0 0 0 1 1 1 1 1 0 0 1 1 0 0 0 0 0 0 0]
Objectifs : [6.527682843472317, 14]
Rang : 1

Individu : [1 1 1 0 1 1 1 0 1 1 1 1 1 1 1 0 1 1 1 1 1 1 1 0 1 1 1 1 1 1]
Objectifs : [6.525784157363105, 26]
Rang : 1

Individu : [1 1 0 0 0 0 0 0 0 0 0 0 0 0 0 0 0 0 0 0 1 0 0 0 0 0 0 0 0 0]
Objectifs : [7.533986481354902, 3]
Rang : 1

Individu : [1 1 0 0 0 1 0 0 0 0 0 0 0 0 0 0 0 1 0 0 1 0 0 0 0 0 0 0 0 0]
Objectifs : [7.283359914938862, 5]
Rang : 1

Individu : [1 1 1 0 1 0 0 0 1 0 0 0 0 0 0 0 0 0 0 0 0 0 1 0 0 0 0 0 0 1]
Objectifs : [7.28146122882965, 7]
Rang : 1

Individu : [0 1 0 0 0 0 1 0 0 0 1 1 0 1 0 0 1 0 0 0 0 1 1 0 0 0 0 0 0 0]
Objectifs : [7.027037290195184, 8]
Rang : 1

Individu : [0 0 1 0 0 0 0 0 0 0 0 0 0 0 0 0 0 0 0 0 0 0 0 0 0 0 0 0 0 0]
Objectifs : [14.817346396293765, 1]
Rang : 1

Individu : [0 0 0 0 0 0 0 1 0 0 0 0 0 0 0 0 0 0 0 0 0 0 0 0 0 0 0 0 0 0]
Objectifs : [8.037138300296194, 1]
Rang : 1

Individu : [1 0 0 0 1 1 1 1 1 1 0 0 0 0 1 1 1 1 1 0 0 1 1 0 0 0 0 0 0 0]
Objectifs : [6.527682843472317, 14]
Rang : 1

Individu : [0 1 1 0 0 0 0 0 0 0 0 0 0 0 0 0 1 0 0 0 0 1 0 0 0 0 0 0 0 0]
Objectifs : [11.057947900053163, 4]
Rang : 1

Individu : [1 1 0 0 0 0 0 0 0 0 0 0 0 0 0 0 0 1 0 0 0 0 0 0 0 0 0 0 0 0]
Objectifs : [12.556011240221764, 3]
Rang : 1

Individu : [1 1 0 0 0 0 0 1 0 0 0 0 0 0 0 0 0 0 0 0 0 0 0 0 0 0 0 0 0 0]
Objectifs : [12.556011240221764, 3]
Rang : 1

Individu : [1 1 0 0 0 0 0 0 0 0 0 0 0 0 0 0 0 0 0 0 1 0 0 0 0 0 0 0 0 0]
Objectifs : [7.533986481354902, 3]
Rang : 1

Individu : [1 1 0 0 0 1 0 0 0 0 0 0 0 0 0 0 0 1 0 0 1 0 0 0 0 0 0 0 0 0]
Objectifs : [7.283359914938862, 5]
Rang : 1

Individu : [1 1 1 0 1 0 0 0 1 0 0 0 0 0 0 0 0 0 0 0 0 0 1 0 0 0 0 0 0 1]
Objectifs : [7.28146122882965, 7]
Rang : 1

Individu : [0 1 0 0 0 0 1 0 0 0 1 1 0 1 0 0 1 0 0 0 0 1 1 0 0 0 0 0 0 0]
Objectifs : [7.027037290195184, 8]
Rang : 1

Individu : [0 0 0 0 0 0 0 1 0 0 0 0 0 0 0 0 0 0 0 0 0 0 0 0 0 0 0 0 0 0]
Objectifs : [8.037138300296194, 1]
Rang : 1

Individu : [1 0 0 0 1 1 1 1 1 1 0 0 0 0 1 1 1 1 1 0 0 1 1 0 0 0 0 0 0 0]
Objectifs : [6.527682843472317, 14]
Rang : 1

Individu : [0 0 1 0 0 0 0 0 0 0 0 0 0 0 0 0 0 0 0 0 0 0 0 0 0 0 0 0 0 0]
Objectifs : [14.817346396293765, 1]
Rang : 1

Individu : [0 1 0 0 0 0 0 0 0 0 0 0 0 0 0 0 0 0 0 0 1 0 0 0 0 0 0 0 0 0]
Objectifs : [8.285866180603023, 2]
Rang : 1

Individu : [1 0 1 0 0 0 0 0 0 0 0 0 0 0 1 0 0 0 0 0 0 0 1 0 0 0 0 0 0 0]
Objectifs : [7.784613047770943, 4]
Rang : 1

Individu : [0 0 1 0 1 0 0 0 1 0 1 1 0 0 0 0 0 0 0 0 0 0 1 0 0 0 0 0 0 0]
Objectifs : [7.283359914938862, 6]
Rang : 1

Individu : [1 0 1 0 1 0 1 0 1 0 0 1 0 0 0 0 0 0 1 0 1 1 1 0 0 0 0 0 0 0]
Objectifs : [7.028935976304397, 10]
Rang : 1

Individu : [0 1 1 0 1 1 1 1 0 1 0 1 0 0 1 0 0 0 0 0 0 1 1 0 0 1 0 0 0 0]
Objectifs : [7.03083466241361, 12]
Rang : 1

Individu : [0 0 0 0 1 0 1 1 0 0 1 0 1 0 0 0 0 0 0 0 0 1 1 0 0 0 0 0 0 0]
Objectifs : [7.535885167464114, 7]
Rang : 1

Individu : [1 0 0 0 0 0 0 0 0 0 0 1 0 1 1 1 0 1 0 1 1 1 1 0 1 1 1 0 1 1]
Objectifs : [7.027037290195184, 15]
Rang : 1

Individu : [1 0 0 0 0 0 0 0 0 0 0 0 0 0 0 0 0 0 0 0 1 0 0 0 0 0 0 0 0 0]
Objectifs : [9.04344193817878, 2]
Rang : 1

Individu : [0 0 0 1 0 0 0 0 0 0 0 0 0 0 0 0 0 0 0 0 0 0 0 0 0 0 0 0 0 0]
Objectifs : [17.581833371307056, 1]
Rang : 1

Individu : [0 1 1 0 0 1 0 1 0 1 1 1 0 0 0 0 1 0 0 0 0 0 1 0 0 0 0 0 0 0]
Objectifs : [7.28146122882965, 9]
Rang : 1

Individu : [1 0 1 0 0 1 0 1 0 0 0 0 0 0 0 0 0 0 0 0 0 0 1 0 0 0 0 0 0 0]
Objectifs : [7.784613047770943, 5]
Rang : 1

